0 240 0
1 535 0
2 825 0
3 1113 0
4 1402 0
5 1687 0
6 1964 0
7 2239 0
8 2508 0
9 2776 0
10 3048 0
11 3347 0
12 3618 0
13 3929 0
14 4243 0
15 4556 0
16 4870 0
17 5183 0
18 5496 0
19 5810 0
20 6121 0
21 6436 0
22 6750 0
23 7061 0
24 7374 0
25 7686 0
26 7998 0
27 8311 0
28 8623 0
29 8934 0
30 9243 0
31 9553 0
32 9864 0
33 10177 0
34 10490 0
35 10805 0
36 11119 0
37 11436 0
38 11753 0
39 12068 0
40 12384 0
41 12700 0
42 13017 0
43 13331 0
44 13648 0
45 13964 0
46 14281 0
47 14596 0
48 14912 0
49 15228 0
50 15543 0
51 15858 0
52 16173 0
53 16489 0
54 16802 0
55 17118 0
56 17433 0
57 17749 0
58 18065 0
59 18380 0
60 18697 0
61 19012 0
62 19304 0
63 19619 0
64 19934 0
65 20251 0
66 20567 0
67 20883 0
68 21198 0
69 21515 0
70 21831 0
71 22146 0
72 22462 0
73 22777 0
74 23090 0
75 23393 0
76 23700 0
77 24015 0
78 24329 0
79 24645 0
80 24962 0
81 25279 0
82 25594 0
83 25913 0
84 26226 0
85 26541 0
86 26857 0
87 27174 0
88 27492 0
89 27806 0
90 28121 0
91 28437 0
92 28753 0
93 29067 21
94 29383 59
95 29702 99
96 30016 178
97 30334 232
98 30652 330
99 30967 430
100 31287 572
101 31608 752
102 31915 958
103 32228 1193
104 32530 1490
105 32842 1736
106 33134 2104
107 33415 2552
108 33656 3099
109 33895 3571
110 34085 4127
111 34278 4726
112 34463 5345
113 34656 6056
114 34840 6787
115 34992 7597
116 35107 8455
117 35309 10264
118 35485 12367
119 35590 14549
120 35656 16753
121 35664 18983
122 35664 21208
123 35664 23424
124 35664 25646
125 35664 27875
126 35664 30106
127 35664 32332
128 35664 34563
129 35664 36787
130 35664 39015
131 35664 41242
132 35664 43468
133 35664 45698
134 35664 47926
135 35664 50156
136 35664 52388
137 35664 54614
138 35664 56844
139 35664 59071
140 35664 61302
141 35664 63523
142 35664 65749
143 35664 67974
144 35664 70210
145 35664 72443
146 35664 74684
147 35664 76920
148 35664 79155
149 35664 81385
150 35664 83606
151 35664 85838
152 35664 88069
153 35664 90296
154 35664 92521
155 35664 94756
156 35664 96984
157 35664 99210
158 35664 101439
159 35664 103663
160 35664 105888
161 35664 108121
162 35664 110352
163 35664 112576
164 35664 114797
165 35664 117026
166 35664 119253
167 35664 121484
168 35664 123712
169 35664 125942
170 35664 128162
171 35664 130389
172 35664 132626
173 35664 134847
174 35664 137075
175 35664 139309
176 35664 141532
177 35664 143762
178 35664 145989
179 35664 148221
180 35664 150453
181 35664 152686
182 35664 154918
183 35664 157155
184 35664 159377
185 35664 161605
186 35664 163829
187 35664 166058
188 35664 168289
189 35664 170517
190 35664 172750
191 35664 174985
192 35664 177219
193 35664 179444
194 35664 181676
195 35664 183910
196 35664 186133
197 35664 188365
198 35664 190452
199 35664 192542
200 35664 194631
201 35664 196727
202 35664 198818
203 35664 200898
204 35664 202988
205 35664 205082
206 35664 207178
207 35664 209262
208 35664 211344
209 35664 213432
210 35664 215522
211 35664 217616
212 35664 219716
213 35664 221792
214 35664 223880
215 35664 225967
216 35664 228058
217 35664 230176
218 35664 232288
219 35664 234395
220 35664 236488
221 35664 238580
222 35664 240675
223 35664 242792
224 35664 244915
225 35664 247019
226 35664 249104
227 35664 251194
228 35664 253298
229 35664 255398
230 35664 257484
231 35664 259581
232 35664 261673
233 35664 263763
234 35664 265861
235 35664 267950
236 35664 270034
237 35664 272123
238 35664 274218
239 35664 276312
240 35664 278405
241 35664 280500
242 35664 282587
243 35664 284691
244 35664 286776
245 35664 288859
246 35664 290957
247 35664 293047
248 35664 295131
249 35664 297219
250 35664 299305
251 35664 301393
252 35664 303493
253 35664 305593
254 35664 307687
255 35664 309774
256 35664 311873
257 35664 313971
258 35664 316068
259 35664 318187
260 35664 320299
261 35664 322397
262 35664 324502
263 35664 326611
264 35664 328710
265 35664 330813
266 35664 332905
267 35664 334988
268 35664 337079
269 35664 339172
270 35664 341275
271 35664 343390
272 35664 345509
273 35664 347615
274 35664 349712
275 35664 351824
276 35664 353914
277 35664 356002
278 35664 358096
279 35664 360179
280 35664 362273
281 35664 364394
282 35664 366503
283 35664 368594
284 35664 370684
285 35664 372778
286 35664 374870
287 35664 376963
288 35664 379056
289 35664 381164
290 35664 383267
291 35664 385368
292 35664 387460
293 35664 389553
294 35664 391642
295 35664 393742
296 35664 395847
297 35664 397948
298 35664 400048
299 35664 402141
300 35664 404227
301 35664 406318
302 35664 408405
303 35664 410492
304 35664 412584
305 35664 414678
306 35664 416770
307 35664 418866
308 35664 420955
309 35664 423043
310 35664 425144
311 35664 427252
312 35664 429364
313 35664 431461
314 35664 433580
315 35664 435702
316 35664 437790
317 35664 439890
318 35664 441977
319 35664 444075
320 35664 446173
321 35664 448266
322 35664 450353
323 35664 452447
324 35664 454543
325 35664 456640
326 35664 458732
327 35664 460828
328 35664 462922
329 35664 465045
330 35664 467141
331 35664 469243
332 35664 471360
333 35664 473490
334 35664 475614
335 35664 477713
336 35664 479798
337 35664 481895
338 35664 483991
339 35664 486093
340 35664 488182
341 35664 490275
342 35664 492360
343 35664 494441
344 35664 496525
345 35664 498605
346 35664 500700
347 35664 502793
348 35664 504893
349 35664 506994
350 35664 509098
351 35664 511192
352 35664 513282
353 35664 515365
354 35664 517461
355 35664 519552
356 35664 521638
357 35664 523728
358 35664 525817
359 35664 527921
360 35664 530015
361 35664 532101
362 35664 534196
363 35664 536298
364 35664 538379
365 35664 540466
366 35664 542553
367 35664 544653
368 35664 546745
369 35664 548840
370 35664 550947
371 35664 553049
372 35664 555149
373 35664 557236
374 35664 559338
375 35664 561456
376 35664 563576
377 35664 565686
378 35664 567792
379 35664 569885
380 35664 571972
381 35664 574072
382 35664 576158
383 35664 578252
384 35664 580365
385 35664 582456
386 35664 584563
387 35664 586667
388 35664 588769
389 35664 590859
390 35664 592951
391 35664 595044
392 35664 597141
393 35664 599228
394 35664 601321
395 35664 603416
396 35664 605529
397 35664 607622
398 35664 609721
399 35664 611835
400 35664 613931
401 35664 616019
402 35664 618112
403 35664 620199
404 35664 622306
405 35664 624427
406 35664 626522
407 35664 628608
408 35664 630700
409 35664 632788
410 35664 634881
411 35664 636967
412 35664 639054
413 35664 641144
414 35664 643231
415 35664 645349
416 35664 647463
417 35664 649562
418 35664 651644
419 35664 653735
420 35664 655825
421 35664 657931
422 35664 660041
423 35664 662126
424 35664 664216
425 35664 666300
426 35664 668397
427 35664 670525
428 35664 672621
429 35664 674713
430 35664 676814
431 35664 678922
432 35664 681030
433 35664 683130
434 35664 685230
435 35664 687356
436 35664 689462
437 35664 691553
438 35664 693648
439 35664 695740
440 35664 697829
441 35664 699934
442 35664 702034
443 35664 704141
444 35664 706233
445 35664 708322
446 35664 710412
447 35664 712501
448 35664 714603
449 35664 716724
450 35664 718815
451 35664 720903
452 35664 722999
453 35664 725088
454 35664 727171
455 35664 729262
456 35664 731358
457 35664 733446
458 35664 735542
459 35664 737634
460 35664 739709
461 35664 741797
462 35664 743889
463 35664 745981
464 35664 748071
465 35664 750162
466 35664 752259
467 35664 754349
468 35664 756424
469 35664 758547
470 35664 760646
471 35664 762734
472 35664 764822
473 35664 766903
474 35664 769005
475 35664 771097
476 35664 773174
477 35664 775279
478 35664 777378
479 35664 779457
480 35664 781548
481 35664 783646
482 35664 785726
483 35664 787802
484 35664 789904
485 35664 791995
486 35664 794067
487 35664 796138
488 35664 798211
489 35664 800287
490 35664 802372
491 35664 804453
492 35664 806551
493 35664 808631
494 35664 810705
495 35664 812781
496 35664 814867
497 35664 816947
498 35664 819027
499 35664 821107
500 35664 823194
501 35664 825271
502 35664 827355
503 35664 829435
504 35664 831519
505 35664 833598
506 35664 835678
507 35664 837753
508 35664 839828
509 35664 841902
510 35664 843976
511 35664 846057
512 35664 848142
513 35664 850224
514 35664 852318
515 35664 854403
516 35664 856487
517 35664 858563
518 35664 860644
519 35664 862727
520 35664 864826
521 35664 866924
522 35664 868998
523 35664 871076
524 35664 873164
525 35664 875232
526 35664 877317
527 35664 879406
528 35664 881489
529 35664 883571
530 35664 885641
531 35664 887730
532 35664 889804
533 35664 891879
534 35664 893960
535 35664 896037
536 35664 898112
537 35664 900184
538 35664 902258
539 35664 904343
540 35664 906450
541 35664 908548
542 35664 910633
543 35664 912738
544 35664 914819
545 35664 916892
546 35664 918965
547 35664 921042
548 35664 923122
549 35664 925210
550 35664 927288
551 35664 929387
552 35664 931492
553 35664 933589
554 35664 935681
555 35664 937782
556 35664 939868
557 35664 941940
558 35664 944019
559 35664 946109
560 35664 948208
561 35664 950307
562 35664 952407
563 35664 954492
564 35664 956572
565 35664 958658
566 35664 960738
567 35664 962816
568 35664 964905
569 35664 966994
570 35664 969089
571 35664 971180
572 35664 973264
573 35664 975358
574 35664 977460
575 35664 979554
576 35664 981662
577 35664 983791
578 35664 985918
579 35664 988059
580 35664 990185
581 35664 992304
582 35664 994471
583 35664 996602
584 35664 998752
585 35664 1000900
586 35664 1003047
587 35664 1005202
588 35664 1007359
589 35664 1009526
590 35664 1011685
591 35664 1013862
592 35664 1016049
593 35664 1017933
594 35664 1019644
595 35664 1021197
596 35664 1022622
597 35664 1023829
598 35664 1024923
599 35664 1025841
600 35664 1026530
601 35664 1027011
602 35664 1027413
603 35664 1027613
604 35664 1027691
605 35664 1027691
606 35664 1027691
607 35664 1027691
608 35664 1027691
609 35664 1027691
610 35664 1027691
611 35664 1027691
612 35664 1027691
613 35664 1027691
614 35664 1027691
615 35664 1027691
616 35664 1027691
617 35664 1027691
618 35664 1027691
619 35664 1027691
620 35664 1027691
621 35664 1027691
622 35664 1027691
623 35664 1027691
624 35664 1027691
625 35664 1027691
626 35664 1027691
627 35664 1027691
628 35664 1027691
629 35664 1027691
630 35664 1027691
631 35664 1027691
632 35664 1027691
633 35664 1027691
634 35664 1027691
635 35664 1027691
636 35664 1027691
637 35664 1027691
638 35664 1027691
639 35664 1027691
640 35664 1027691
641 35664 1027691
642 35664 1027691
643 35664 1027691
644 35664 1027691
645 35664 1027691
646 35664 1027691
647 35664 1027691
648 35664 1027691
649 35664 1027691
650 35664 1027691
651 35664 1027691
652 35664 1027691
653 35664 1027691
654 35664 1027691
655 35664 1027691
656 35664 1027691
657 35664 1027691
658 35664 1027691
659 35664 1027691
660 35664 1027691
661 35664 1027691
662 35664 1027691
663 35664 1027691
664 35664 1027691
665 35664 1027691
666 35664 1027691
667 35664 1027691
668 35664 1027691
669 35664 1027691
670 35664 1027691
671 35664 1027691
672 35664 1027691
673 35664 1027691
674 35664 1027691
675 35664 1027691
676 35664 1027691
677 35664 1027691
678 35664 1027691
679 35664 1027691
680 35664 1027691
681 35664 1027691
682 35664 1027691
683 35664 1027691
684 35664 1027691
685 35664 1027691
686 35664 1027691
687 35664 1027691
688 35664 1027691
689 35664 1027691
690 35664 1027691
691 35664 1027691
692 35664 1027691
693 35664 1027691
694 35664 1027691
695 35664 1027691
696 35664 1027691
697 35664 1027691
698 35664 1027691
699 35664 1027691
700 35664 1027691
701 35664 1027691
702 35664 1027691
703 35664 1027691
704 35664 1027691
705 35664 1027691
706 35664 1027691
707 35664 1027691
708 35664 1027691
709 35664 1027691
710 35664 1027691
711 35664 1027691
712 35664 1027691
713 35664 1027691
714 35664 1027691
715 35664 1027691
716 35664 1027691
717 35664 1027691
718 35664 1027691
719 35664 1027691
720 35664 1027691
721 35664 1027691
722 35664 1027691
723 35664 1027691
724 35664 1027691
725 35664 1027691
726 35664 1027691
727 35664 1027691
728 35664 1027691
729 35664 1027691
730 35664 1027691
731 35664 1027691
732 35664 1027691
733 35664 1027691
734 35664 1027691
735 35664 1027691
736 35664 1027691
737 35664 1027691
738 35664 1027691
739 35664 1027691
740 35664 1027691
741 35664 1027691
742 35664 1027691
743 35664 1027691
744 35664 1027691
745 35664 1027691
746 35664 1027691
747 35664 1027691
748 35664 1027691
749 35664 1027691
750 35664 1027691
751 35664 1027691
752 35664 1027691
753 35664 1027691
754 35664 1027691
755 35664 1027691
756 35664 1027691
757 35664 1027691
758 35664 1027691
759 35664 1027691
760 35664 1027691
761 35664 1027691
762 35664 1027691
763 35664 1027691
764 35664 1027691
765 35664 1027691
766 35664 1027691
767 35664 1027691
768 35664 1027691
769 35664 1027691
770 35664 1027691
771 35664 1027691
772 35664 1027691
773 35664 1027691
774 35664 1027691
775 35664 1027691
776 35664 1027691
777 35664 1027691
778 35664 1027691
779 35664 1027691
780 35664 1027691
781 35664 1027691
782 35664 1027691
783 35664 1027691
784 35664 1027691
785 35664 1027691
786 35664 1027691
787 35664 1027691
788 35664 1027691
789 35664 1027691
790 35664 1027691
791 35664 1027691
792 35664 1027691
793 35664 1027691
794 35664 1027691
795 35664 1027691
796 35664 1027691
797 35664 1027691
798 35664 1027691
799 35664 1027691
800 35664 1027691
801 35664 1027691
802 35664 1027691
803 35664 1027691
804 35664 1027691
805 35664 1027691
806 35664 1027691
807 35664 1027691
808 35664 1027691
809 35664 1027691
810 35664 1027691
811 35664 1027691
812 35664 1027691
813 35664 1027691
814 35664 1027691
815 35664 1027691
816 35664 1027691
817 35664 1027691
818 35664 1027691
819 35664 1027691
820 35664 1027691
821 35664 1027691
822 35664 1027691
823 35664 1027691
824 35664 1027691
825 35664 1027691
826 35664 1027691
827 35664 1027691
828 35664 1027691
829 35664 1027691
830 35664 1027691
831 35664 1027691
832 35664 1027691
833 35664 1027691
834 35664 1027691
835 35664 1027691
836 35664 1027691
837 35664 1027691
838 35664 1027691
839 35664 1027691
840 35664 1027691
841 35664 1027691
842 35664 1027691
843 35664 1027691
844 35664 1027691
845 35664 1027691
846 35664 1027691
847 35664 1027691
848 35664 1027691
849 35664 1027691
850 35664 1027691
851 35664 1027691
852 35664 1027691
853 35664 1027691
854 35664 1027691
855 35664 1027691
856 35664 1027691
857 35664 1027691
858 35664 1027691
859 35664 1027691
860 35664 1027691
861 35664 1027691
862 35664 1027691
863 35664 1027691
864 35664 1027691
865 35664 1027691
866 35664 1027691
867 35664 1027691
868 35664 1027691
869 35664 1027691
870 35664 1027691
871 35664 1027691
872 35664 1027691
873 35664 1027691
874 35664 1027691
875 35664 1027691
876 35664 1027691
877 35664 1027691
878 35664 1027691
879 35664 1027691
880 35664 1027691
881 35664 1027691
882 35664 1027691
883 35664 1027691
884 35664 1027691
885 35664 1027691
886 35664 1027691
887 35664 1027691
888 35664 1027691
889 35664 1027691
890 35664 1027691
891 35664 1027691
892 35664 1027691
893 35664 1027691
894 35664 1027691
895 35664 1027691
896 35664 1027691
897 35664 1027691
898 35664 1027691
899 35664 1027691
900 35664 1027691
901 35664 1027691
902 35664 1027691
903 35664 1027691
904 35664 1027691
905 35664 1027691
906 35664 1027691
907 35664 1027691
908 35664 1027691
909 35664 1027691
910 35664 1027691
911 35664 1027691
912 35664 1027691
913 35664 1027691
914 35664 1027691
915 35664 1027691
916 35664 1027691
917 35664 1027691
918 35664 1027691
919 35664 1027691
920 35664 1027691
921 35664 1027691
922 35664 1027691
923 35664 1027691
924 35664 1027691
925 35664 1027691
926 35664 1027691
927 35664 1027691
928 35664 1027691
929 35664 1027691
930 35664 1027691
931 35664 1027691
932 35664 1027691
933 35664 1027691
934 35664 1027691
935 35664 1027691
936 35664 1027691
937 35664 1027691
938 35664 1027691
939 35664 1027691
940 35664 1027691
941 35664 1027691
942 35664 1027691
943 35664 1027691
944 35664 1027691
945 35664 1027691
946 35664 1027691
947 35664 1027691
948 35664 1027691
949 35664 1027691
950 35664 1027691
951 35664 1027691
952 35664 1027691
953 35664 1027691
954 35664 1027691
955 35664 1027691
956 35664 1027691
957 35664 1027691
958 35664 1027691
959 35664 1027691
960 35664 1027691
961 35664 1027691
962 35664 1027691
963 35664 1027691
964 35664 1027691
965 35664 1027691
966 35664 1027691
967 35664 1027691
968 35664 1027691
969 35664 1027691
970 35664 1027691
971 35664 1027691
972 35664 1027691
973 35664 1027691
974 35664 1027691
975 35664 1027691
976 35664 1027691
977 35664 1027691
978 35664 1027691
979 35664 1027691
980 35664 1027691
981 35664 1027691
982 35664 1027691
983 35664 1027691
984 35664 1027691
985 35664 1027691
986 35664 1027691
987 35664 1027691
988 35664 1027691
989 35664 1027691
990 35664 1027691
991 35664 1027691
992 35664 1027691
993 35664 1027691
994 35664 1027691
995 35664 1027691
996 35664 1027691
997 35664 1027691
998 35664 1027691
999 35664 1027691
1000 35664 1027691
1001 35664 1027691
1002 35664 1027691
1003 35664 1027691
1004 35664 1027691
1005 35664 1027691
1006 35664 1027691
1007 35664 1027691
1008 35664 1027691
1009 35664 1027691
1010 35664 1027691
1011 35664 1027691
1012 35664 1027691
1013 35664 1027691
1014 35664 1027691
1015 35664 1027691
1016 35664 1027691
1017 35664 1027691
1018 35664 1027691
1019 35664 1027691
1020 35664 1027691
1021 35664 1027691
1022 35664 1027691
1023 35664 1027691
1024 35664 1027691
1025 35664 1027691
1026 35664 1027691
1027 35664 1027691
1028 35664 1027691
1029 35664 1027691
1030 35664 1027691
1031 35664 1027691
1032 35664 1027691
1033 35664 1027691
1034 35664 1027691
1035 35664 1027691
1036 35664 1027691
1037 35664 1027691
1038 35664 1027691
1039 35664 1027691
1040 35664 1027691
1041 35664 1027691
1042 35664 1027691
1043 35664 1027691
1044 35664 1027691
1045 35664 1027691
1046 35664 1027691
1047 35664 1027691
1048 35664 1027691
1049 35664 1027691
1050 35664 1027691
1051 35664 1027691
1052 35664 1027691
1053 35664 1027691
1054 35664 1027691
1055 35664 1027691
1056 35664 1027691
1057 35664 1027691
1058 35664 1027691
1059 35664 1027691
1060 35664 1027691
1061 35664 1027691
1062 35664 1027691
1063 35664 1027691
1064 35664 1027691
1065 35664 1027691
1066 35664 1027691
1067 35664 1027691
1068 35664 1027691
1069 35664 1027691
1070 35664 1027691
1071 35664 1027691
1072 35664 1027691
1073 35664 1027691
1074 35664 1027691
1075 35664 1027691
1076 35664 1027691
1077 35664 1027691
1078 35664 1027691
1079 35664 1027691
1080 35664 1027691
1081 35664 1027691
1082 35664 1027691
1083 35664 1027691
1084 35664 1027691
1085 35664 1027691
1086 35664 1027691
1087 35664 1027691
1088 35664 1027691
1089 35664 1027691
1090 35664 1027691
1091 35664 1027691
1092 35664 1027691
1093 35664 1027691
1094 35664 1027691
1095 35664 1027691
1096 35664 1027691
1097 35664 1027691
1098 35664 1027691
1099 35664 1027691
1100 35664 1027691
1101 35664 1027691
1102 35664 1027691
1103 35664 1027691
1104 35664 1027691
1105 35664 1027691
1106 35664 1027691
1107 35664 1027691
1108 35664 1027691
1109 35664 1027691
1110 35664 1027691
1111 35664 1027691
1112 35664 1027691
1113 35664 1027691
1114 35664 1027691
1115 35664 1027691
1116 35664 1027691
1117 35664 1027691
1118 35664 1027691
1119 35664 1027691
1120 35664 1027691
1121 35664 1027691
1122 35664 1027691
1123 35664 1027691
1124 35664 1027691
1125 35664 1027691
1126 35664 1027691
1127 35664 1027691
1128 35664 1027691
1129 35664 1027691
1130 35664 1027691
1131 35664 1027691
1132 35664 1027691
1133 35664 1027691
1134 35664 1027691
1135 35664 1027691
1136 35664 1027691
1137 35664 1027691
1138 35664 1027691
1139 35664 1027691
1140 35664 1027691
1141 35664 1027691
1142 35664 1027691
1143 35664 1027691
1144 35664 1027691
1145 35664 1027691
1146 35664 1027691
1147 35664 1027691
1148 35664 1027691
1149 35664 1027691
1150 35664 1027691
1151 35664 1027691
1152 35664 1027691
1153 35664 1027691
1154 35664 1027691
1155 35664 1027691
1156 35664 1027691
1157 35664 1027691
1158 35664 1027691
1159 35664 1027691
1160 35664 1027691
1161 35664 1027691
1162 35664 1027691
1163 35664 1027691
1164 35664 1027691
1165 35664 1027691
1166 35664 1027691
1167 35664 1027691
1168 35664 1027691
1169 35664 1027691
1170 35664 1027691
1171 35664 1027691
1172 35664 1027691
1173 35664 1027691
1174 35664 1027691
1175 35664 1027691
1176 35664 1027691
1177 35664 1027691
1178 35664 1027691
1179 35664 1027691
1180 35664 1027691
1181 35664 1027691
1182 35664 1027691
1183 35664 1027691
1184 35664 1027691
1185 35664 1027691
1186 35664 1027691
1187 35664 1027691
1188 35664 1027691
1189 35664 1027691
1190 35664 1027691
1191 35664 1027691
1192 35664 1027691
1193 35664 1027691
1194 35664 1027691
1195 35664 1027691
1196 35664 1027691
1197 35664 1027691
1198 35664 1027691
1199 35664 1027691
1200 35664 1027691
1201 35664 1027691
1202 35664 1027691
1203 35664 1027691
1204 35664 1027691
1205 35664 1027691
1206 35664 1027691
1207 35664 1027691
1208 35664 1027691
1209 35664 1027691
1210 35664 1027691
1211 35664 1027691
1212 35664 1027691
1213 35664 1027691
1214 35664 1027691
1215 35664 1027691
1216 35664 1027691
1217 35664 1027691
1218 35664 1027691
1219 35664 1027691
1220 35664 1027691
1221 35664 1027691
1222 35664 1027691
1223 35664 1027691
1224 35664 1027691
1225 35664 1027691
1226 35664 1027691
1227 35664 1027691
1228 35664 1027691
1229 35664 1027691
1230 35664 1027691
1231 35664 1027691
1232 35664 1027691
1233 35664 1027691
1234 35664 1027691
1235 35664 1027691
1236 35664 1027691
1237 35664 1027691
1238 35664 1027691
1239 35664 1027691
1240 35664 1027691
1241 35664 1027691
1242 35664 1027691
1243 35664 1027691
1244 35664 1027691
1245 35664 1027691
1246 35664 1027691
1247 35664 1027691
1248 35664 1027691
1249 35664 1027691
1250 35664 1027691
1251 35664 1027691
1252 35664 1027691
1253 35664 1027691
1254 35664 1027691
1255 35664 1027691
1256 35664 1027691
1257 35664 1027691
1258 35664 1027691
1259 35664 1027691
1260 35664 1027691
1261 35664 1027691
1262 35664 1027691
1263 35664 1027691
1264 35664 1027691
1265 35664 1027691
1266 35664 1027691
1267 35664 1027691
1268 35664 1027691
1269 35664 1027691
1270 35664 1027691
1271 35664 1027691
1272 35664 1027691
1273 35664 1027691
1274 35664 1027691
1275 35664 1027691
1276 35664 1027691
1277 35664 1027691
1278 35664 1027691
1279 35664 1027691
1280 35664 1027691
1281 35664 1027691
1282 35664 1027691
1283 35664 1027691
1284 35664 1027691
1285 35664 1027691
1286 35664 1027691
1287 35664 1027691
1288 35664 1027691
1289 35664 1027691
1290 35664 1027691
1291 35664 1027691
1292 35664 1027691
1293 35664 1027691
1294 35664 1027691
1295 35664 1027691
1296 35664 1027691
1297 35664 1027691
1298 35664 1027691
1299 35664 1027691
1300 35664 1027691
1301 35664 1027691
1302 35664 1027691
1303 35664 1027691
1304 35664 1027691
1305 35664 1027691
1306 35664 1027691
1307 35664 1027691
1308 35664 1027691
1309 35664 1027691
1310 35664 1027691
1311 35664 1027691
1312 35664 1027691
1313 35664 1027691
1314 35664 1027691
1315 35664 1027691
1316 35664 1027691
1317 35664 1027691
1318 35664 1027691
1319 35664 1027691
1320 35664 1027691
1321 35664 1027691
1322 35664 1027691
1323 35664 1027691
1324 35664 1027691
1325 35664 1027691
1326 35664 1027691
1327 35664 1027691
1328 35664 1027691
1329 35664 1027691
1330 35664 1027691
1331 35664 1027691
1332 35664 1027691
1333 35664 1027691
1334 35664 1027691
1335 35664 1027691
1336 35664 1027691
1337 35664 1027691
1338 35664 1027691
1339 35664 1027691
1340 35664 1027691
1341 35664 1027691
1342 35664 1027691
1343 35664 1027691
1344 35664 1027691
1345 35664 1027691
1346 35664 1027691
1347 35664 1027691
1348 35664 1027691
1349 35664 1027691
1350 35664 1027691
1351 35664 1027691
1352 35664 1027691
1353 35664 1027691
1354 35664 1027691
1355 35664 1027691
1356 35664 1027691
1357 35664 1027691
1358 35664 1027691
1359 35664 1027691
1360 35664 1027691
1361 35664 1027691
1362 35664 1027691
1363 35664 1027691
1364 35664 1027691
1365 35664 1027691
1366 35664 1027691
1367 35664 1027691
1368 35664 1027691
1369 35664 1027691
1370 35664 1027691
1371 35664 1027691
1372 35664 1027691
1373 35664 1027691
1374 35664 1027691
1375 35664 1027691
1376 35664 1027691
1377 35664 1027691
1378 35664 1027691
1379 35664 1027691
1380 35664 1027691
1381 35664 1027691
1382 35664 1027691
1383 35664 1027691
1384 35664 1027691
1385 35664 1027691
1386 35664 1027691
1387 35664 1027691
1388 35664 1027691
1389 35664 1027691
1390 35664 1027691
1391 35664 1027691
1392 35664 1027691
1393 35664 1027691
1394 35664 1027691
1395 35664 1027691
1396 35664 1027691
1397 35664 1027691
1398 35664 1027691
1399 35664 1027691
1400 35664 1027691
1401 35664 1027691
1402 35664 1027691
1403 35664 1027691
1404 35664 1027691
1405 35664 1027691
1406 35664 1027691
1407 35664 1027691
1408 35664 1027691
1409 35664 1027691
1410 35664 1027691
1411 35664 1027691
1412 35664 1027691
1413 35664 1027691
1414 35664 1027691
1415 35664 1027691
1416 35664 1027691
1417 35664 1027691
1418 35664 1027691
1419 35664 1027691
1420 35664 1027691
1421 35664 1027691
1422 35664 1027691
1423 35664 1027691
1424 35664 1027691
1425 35664 1027691
1426 35664 1027691
1427 35664 1027691
1428 35664 1027691
1429 35664 1027691
1430 35664 1027691
1431 35664 1027691
1432 35664 1027691
1433 35664 1027691
1434 35664 1027691
1435 35664 1027691
1436 35664 1027691
1437 35664 1027691
1438 35664 1027691
1439 35664 1027691
1440 35664 1027691
1441 35664 1027691
1442 35664 1027691
1443 35664 1027691
1444 35664 1027691
1445 35664 1027691
1446 35664 1027691
1447 35664 1027691
1448 35664 1027691
1449 35664 1027691
1450 35664 1027691
1451 35664 1027691
1452 35664 1027691
1453 35664 1027691
1454 35664 1027691
1455 35664 1027691
1456 35664 1027691
1457 35664 1027691
1458 35664 1027691
1459 35664 1027691
1460 35664 1027691
1461 35664 1027691
1462 35664 1027691
1463 35664 1027691
1464 35664 1027691
1465 35664 1027691
1466 35664 1027691
1467 35664 1027691
1468 35664 1027691
1469 35664 1027691
1470 35664 1027691
1471 35664 1027691
1472 35664 1027691
1473 35664 1027691
1474 35664 1027691
1475 35664 1027691
1476 35664 1027691
1477 35664 1027691
1478 35664 1027691
1479 35664 1027691
1480 35664 1027691
1481 35664 1027691
1482 35664 1027691
1483 35664 1027691
1484 35664 1027691
1485 35664 1027691
1486 35664 1027691
1487 35664 1027691
1488 35664 1027691
1489 35664 1027691
1490 35664 1027691
1491 35664 1027691
1492 35664 1027691
1493 35664 1027691
1494 35664 1027691
1495 35664 1027691
1496 35664 1027691
1497 35664 1027691
1498 35664 1027691
1499 35664 1027691
1500 35664 1027691
1501 35664 1027691
1502 35664 1027691
1503 35664 1027691
1504 35664 1027691
1505 35664 1027691
1506 35664 1027691
1507 35664 1027691
1508 35664 1027691
1509 35664 1027691
1510 35664 1027691
1511 35664 1027691
1512 35664 1027691
1513 35664 1027691
1514 35664 1027691
1515 35664 1027691
1516 35664 1027691
1517 35664 1027691
1518 35664 1027691
1519 35664 1027691
1520 35664 1027691
1521 35664 1027691
1522 35664 1027691
1523 35664 1027691
1524 35664 1027691
1525 35664 1027691
1526 35664 1027691
1527 35664 1027691
1528 35664 1027691
1529 35664 1027691
1530 35664 1027691
1531 35664 1027691
1532 35664 1027691
1533 35664 1027691
1534 35664 1027691
1535 35664 1027691
1536 35664 1027691
1537 35664 1027691
1538 35664 1027691
1539 35664 1027691
1540 35664 1027691
1541 35664 1027691
1542 35664 1027691
1543 35664 1027691
1544 35664 1027691
1545 35664 1027691
1546 35664 1027691
1547 35664 1027691
1548 35664 1027691
1549 35664 1027691
1550 35664 1027691
1551 35664 1027691
1552 35664 1027691
1553 35664 1027691
1554 35664 1027691
1555 35664 1027691
1556 35664 1027691
1557 35664 1027691
1558 35664 1027691
1559 35664 1027691
1560 35664 1027691
