1 1 58
1 2 124
1 3 84
1 4 149
1 5 80
1 6 106
1 7 94
1 8 53
1 9 192
1 10 156
1 11 188
1 12 55
1 13 129
1 14 157
1 15 156
1 16 101
1 17 220
1 18 74
1 19 258
1 20 82
1 21 113
1 22 139
1 23 322
1 24 47
1 25 184
1 26 101
1 27 242
1 28 298
1 29 71
1 30 115
1 31 83
1 32 81
1 33 142
1 34 267
1 35 77
1 36 40
1 37 135
1 38 403
1 39 204
1 40 136
1 41 281
1 42 185
1 43 113
1 44 208
1 45 127
1 46 80
1 47 263
1 48 30
1 49 76
1 50 206
1 51 75
1 52 192
1 53 299
1 54 54
1 55 79
1 56 112
1 57 307
1 58 271
1 59 193
1 60 53
1 61 117
1 62 133
1 63 127
1 64 129
1 65 102
1 66 170
1 67 34
1 68 228
1 69 48
1 70 337
1 71 26
1 72 37
1 73 418
1 74 231
1 75 395
1 76 182
1 77 66
1 78 102
1 79 32
1 80 186
1 81 67
1 82 31
1 83 214
1 84 34
1 85 44
1 86 41
1 87 57
1 88 206
1 89 70
1 90 49
1 91 110
1 92 25
1 93 2751
1 94 71
1 95 238
1 96 68
1 97 22
1 98 46
1 99 762
1 101 400
1 102 346
1 103 22
1 104 25
1 105 153
1 106 132
1 107 28
1 109 29
1 110 322
1 111 147
1 112 63
1 113 17
1 114 85
1 116 13
1 117 81
1 118 6
1 119 14
1 121 14
1 122 14
1 123 62
1 124 114
1 125 83
1 126 47
1 128 18
1 129 16
1 130 43
1 131 579
1 132 66
1 133 1437
1 134 34
1 135 15
1 136 48
1 137 674
1 138 13
1 139 495
1 140 14
1 141 33
1 142 12
1 143 17
1 144 46
1 145 27
1 146 16
1 147 10
1 148 16
1 149 144
1 150 17
1 151 74
1 152 67
1 154 60
1 156 23
1 158 19
1 159 2575
1 160 60
1 161 6
1 162 34
1 163 14
1 165 34
1 168 88
1 169 26
1 170 5
1 171 72
1 172 137
1 173 35
1 174 22
1 175 18
1 177 155
1 179 12
1 181 10
1 182 48
1 183 8
1 186 42
1 187 71
1 188 131
1 189 59
1 190 1687
1 191 26
1 192 57
1 193 106
1 194 47
1 195 5
1 196 102
1 197 9
1 198 23
1 199 212
1 200 100
2 2 20
2 3 27
2 4 20
2 5 37
2 6 15
2 7 19
2 8 220
2 9 421
2 10 362
2 11 55
2 12 17
2 13 16
2 14 18
2 15 26
2 16 74
2 17 36
2 18 19
2 19 104
2 20 12
2 21 18
2 22 71
2 23 23
2 24 33
2 25 15
2 26 11
2 27 11
2 28 11
2 29 25
2 30 17
2 31 11
2 32 13
2 33 14
2 34 9
2 35 13
2 36 9
2 37 14
2 38 12
2 39 165
2 40 14
2 41 10
2 42 20
2 44 81
2 45 9
2 46 11
2 47 15
2 48 10
2 50 19
2 51 108
2 52 21
2 54 26
2 55 43
2 56 21
2 57 11
2 58 13
2 59 25
2 60 20
2 62 23
2 63 93
2 64 18
2 65 21
2 66 25
2 67 12
2 69 19
2 70 22
2 71 14
2 72 13
2 73 34
2 74 38
2 75 163
2 76 17
2 77 11
2 79 11
2 80 13
2 81 10
2 82 14
2 83 23
2 85 14
2 87 58
2 88 45
2 89 36
2 90 12
2 91 12
2 94 16
2 95 6
2 97 10
2 99 128
2 100 11
2 102 39
2 103 17
2 105 6
2 106 15
2 107 37
2 109 3
2 114 12
2 118 4
2 123 41
2 125 5
2 126 17
2 135 7
2 139 7
2 142 29
2 145 11
2 146 29
2 150 9
2 158 34
2 165 3
2 171 17
2 189 31
2 195 4
2 196 13
2 198 20
2 199 209
3 3 40
3 4 34
3 5 43
3 6 29
3 7 20
3 8 68
3 9 52
3 10 31
3 11 47
3 12 23
3 13 20
3 14 61
3 15 28
3 16 33
3 17 26
3 18 28
3 19 34
3 20 18
3 21 29
3 22 39
3 23 31
3 24 20
3 25 19
3 26 15
3 27 25
3 28 333
3 29 25
3 30 14
3 31 56
3 32 72
3 33 35
3 34 20
3 35 16
3 36 9
3 37 38
3 38 31
3 39 26
3 40 32
3 41 13
3 42 17
3 43 35
3 44 73
3 45 16
3 46 20
3 47 19
3 48 13
3 49 59
3 50 125
3 51 18
3 52 17
3 53 46
3 54 20
3 55 32
3 56 15
3 57 21
3 58 21
3 59 229
3 60 23
3 63 23
3 64 23
3 65 230
3 66 9
3 67 14
3 68 23
3 69 24
3 70 86
3 71 14
3 72 20
3 73 77
3 74 69
3 75 23
3 76 8
3 77 68
3 78 20
3 79 8
3 80 39
3 81 10
3 82 14
3 83 16
3 85 25
3 87 40
3 88 125
3 89 25
3 90 16
3 91 17
3 94 13
3 95 47
3 97 7
3 100 3
3 101 161
3 103 32
3 106 116
3 107 92
3 108 3
3 109 18
3 111 52
3 114 181
3 115 6
3 116 46
3 118 2
3 121 57
3 123 35
3 130 340
3 131 40
3 138 18
3 139 35
3 140 17
3 142 31
3 143 30
3 145 7
3 152 35
3 153 13
3 155 21
3 158 31
3 162 22
3 164 296
3 167 119
3 168 32
3 170 13
3 173 29
3 180 94
3 183 356
3 189 194
3 191 22
3 196 61
4 4 24
4 5 35
4 6 15
4 7 33
4 8 182
4 9 47
4 10 682
4 11 83
4 12 114
4 13 18
4 14 477
4 15 19
4 16 28
4 17 28
4 18 18
4 19 1291
4 20 98
4 21 28
4 22 97
4 23 1517
4 24 13
4 25 24
4 26 9
4 27 9
4 28 8
4 29 20
4 30 14
4 33 14
4 35 11
4 36 25
4 37 354
4 38 16
4 39 8
4 40 23
4 41 13
4 42 17
4 43 230
4 44 85
4 45 11
4 46 22
4 47 24
4 48 22
4 50 31
4 51 11
4 52 22
4 53 6
4 54 12
4 55 80
4 56 106
4 58 14
4 59 23
4 60 9
4 64 10
4 65 3
4 66 20
4 67 15
4 68 10
4 69 19
4 70 15
4 71 13
4 72 21
4 73 99
4 74 14
4 75 25
4 76 16
4 77 9
4 78 2345
4 79 6
4 80 30
4 81 10
4 82 9
4 83 10
4 85 28
4 88 18
4 90 7
4 91 88
4 94 139
4 95 12
4 97 9
4 100 4
4 103 14
4 107 13
4 108 198
4 115 9
4 120 198
4 123 22
4 124 3
4 125 7
4 129 362
4 131 107
4 133 18
4 139 7
4 145 9
4 152 26
4 159 5
4 170 7
4 189 12
4 190 1691
5 5 33
5 6 23
5 7 30
5 8 42
5 9 71
5 10 125
5 11 57
5 12 28
5 13 35
5 14 164
5 15 27
5 16 69
5 17 21
5 18 21
5 19 507
5 20 27
5 21 28
5 22 33
5 23 306
5 24 23
5 25 23
5 26 17
5 27 261
5 28 203
5 29 28
5 30 26
5 31 99
5 32 111
5 33 37
5 34 121
5 35 19
5 36 17
5 37 214
5 38 168
5 39 303
5 40 22
5 41 20
5 42 22
5 43 152
5 44 151
5 45 21
5 46 40
5 47 26
5 48 23
5 50 24
5 51 27
5 52 40
5 53 88
5 54 19
5 55 33
5 56 28
5 57 341
5 58 177
5 60 17
5 63 9
5 64 20
5 65 53
5 66 21
5 67 25
5 68 220
5 69 19
5 70 35
5 71 31
5 72 31
5 73 31
5 74 16
5 75 105
5 76 41
5 77 37
5 79 130
5 80 24
5 81 19
5 82 16
5 83 21
5 85 24
5 88 25
5 89 11
5 90 26
5 91 27
5 94 20
5 95 133
5 97 17
5 100 9
5 103 26
5 105 108
5 106 143
5 107 32
5 109 18
5 114 55
5 118 19
5 121 15
5 123 22
5 124 7
5 131 116
5 135 19
5 139 72
5 140 13
5 143 46
5 144 15
5 145 19
5 146 5
5 152 106
5 158 39
5 165 8
5 168 48
5 182 13
5 183 164
5 188 6
5 189 136
5 196 53
5 198 52
6 6 21
6 7 17
6 8 18
6 9 16
6 10 4
6 11 57
6 12 13
6 13 9
6 15 11
6 16 25
6 17 20
6 18 14
6 20 28
6 21 20
6 22 19
6 24 6
6 25 8
6 26 7
6 29 19
6 30 14
6 33 12
6 35 12
6 36 10
6 39 45
6 40 30
6 41 14
6 42 19
6 45 52
6 46 13
6 47 14
6 48 11
6 50 25
6 51 13
6 52 15
6 54 6
6 55 23
6 56 13
6 60 5
6 66 8
6 67 12
6 68 21
6 70 100
6 71 5
6 72 50
6 73 16
6 74 7
6 76 11
6 77 4
6 79 11
6 80 14
6 81 16
6 82 31
6 83 7
6 88 10
6 94 14
6 97 5
6 102 34
6 123 3
6 133 6
6 135 7
6 139 13
6 146 4
6 155 5
6 199 216
7 7 19
7 8 164
7 9 37
7 10 217
7 11 56
7 12 31
7 13 21
7 14 126
7 15 19
7 16 29
7 17 24
7 18 21
7 19 433
7 20 29
7 21 20
7 22 40
7 23 49
7 24 21
7 25 24
7 26 14
7 27 33
7 28 256
7 29 25
7 30 23
7 31 182
7 32 120
7 33 32
7 34 246
7 35 18
7 36 17
7 37 104
7 38 224
7 39 209
7 40 16
7 41 48
7 42 17
7 43 28
7 44 37
7 45 25
7 46 19
7 47 12
7 48 15
7 49 136
7 50 327
7 51 16
7 52 14
7 54 32
7 55 96
7 56 11
7 57 33
7 58 285
7 62 212
7 63 186
7 64 16
7 65 11
7 66 21
7 67 11
7 68 193
7 69 13
7 70 18
7 71 11
7 72 13
7 73 49
7 74 34
7 75 44
7 76 17
7 78 26
7 79 8
7 80 18
7 81 12
7 82 6
7 83 23
7 85 15
7 87 378
7 88 23
7 90 5
7 91 15
7 94 17
7 96 248
7 97 21
7 99 285
7 100 3
7 104 284
7 106 97
7 107 5
7 109 15
7 112 214
7 121 266
7 123 52
7 124 25
7 139 85
7 145 6
7 152 144
7 168 36
7 172 257
7 186 453
7 194 6
7 195 9
8 8 49
8 9 27
8 10 53
8 11 367
8 12 21
8 13 33
8 14 109
8 15 31
8 16 33
8 17 37
8 18 41
8 19 237
8 20 37
8 21 33
8 22 27
8 23 26
8 24 23
8 25 40
8 26 26
8 27 39
8 28 46
8 29 155
8 30 20
8 31 9
8 32 161
8 33 36
8 34 95
8 35 18
8 36 17
8 37 23
8 38 23
8 39 53
8 40 24
8 41 17
8 42 24
8 43 15
8 44 42
8 45 15
8 46 105
8 47 37
8 48 55
8 49 15
8 50 45
8 51 23
8 52 18
8 53 40
8 55 178
8 56 25
8 57 22
8 58 25
8 59 147
8 60 16
8 61 48
8 63 54
8 64 20
8 65 34
8 66 127
8 67 17
8 68 25
8 69 8
8 70 19
8 71 16
8 72 17
8 73 601
8 74 152
8 75 203
8 77 12
8 78 27
8 81 18
8 82 17
8 83 66
8 84 17
8 85 16
8 86 17
8 93 17
8 94 41
8 95 22
8 98 5
8 102 35
8 106 119
8 107 17
8 109 212
8 111 36
8 113 11
8 114 24
8 116 38
8 119 5
8 120 10
8 123 17
8 124 17
8 126 27
8 135 17
8 139 1472
8 146 16
8 152 28
8 162 17
8 168 28
8 183 181
8 189 55
8 198 20
9 9 87
9 10 21
9 11 363
9 12 102
9 13 387
9 14 28
9 15 21
9 16 585
9 17 47
9 18 187
9 19 46
9 21 160
9 22 57
9 23 51
9 24 57
9 25 20
9 27 85
9 28 57
9 29 32
9 30 36
9 31 22
9 32 415
9 33 36
9 34 12
9 35 10
9 37 22
9 38 259
9 39 62
9 40 235
9 42 92
9 43 30
9 45 90
9 47 19
9 49 9
9 50 46
9 51 4846
9 53 12
9 55 76
9 56 23
9 57 284
9 58 39
9 59 10
9 60 41
9 61 8
9 63 19
9 68 18
9 69 15
9 73 112
9 75 152
9 77 12
9 84 7
9 86 80
9 89 122
9 91 289
9 93 14
9 94 15
9 100 13
9 102 38
9 103 67
9 106 66
9 108 15
9 114 46
9 115 8
9 122 16
9 127 72
9 131 17
9 132 359
9 153 15
9 157 14
9 160 8
9 184 8
9 198 44
10 10 18
10 11 391
10 12 36
10 13 19
10 15 11
10 16 129
10 17 16
10 19 25
10 21 36
10 22 2991
10 23 21
10 24 21
10 25 31
10 26 3
10 27 30
10 28 38
10 29 46
10 30 11
10 32 3
10 33 43
10 34 22
10 37 32
10 38 41
10 39 53
10 42 40
10 43 22
10 44 157
10 45 8
10 47 48
10 50 98
10 52 14
10 53 51
10 55 115
10 57 73
10 58 41
10 61 57
10 65 17
10 68 16
10 73 635
10 75 101
10 77 12
10 84 11
10 86 44
10 89 29
10 93 9
10 94 1032
10 95 74
10 108 5
10 113 1011
10 115 17
10 122 78
10 131 58
10 132 16
10 139 10
10 151 12
10 153 20
10 157 66
10 168 52
10 179 9
10 184 5
10 189 13
10 190 25
10 198 23
11 11 307
11 12 124
11 13 40
11 14 297
11 15 104
11 16 207
11 17 29
11 18 55
11 19 222
11 20 13
11 21 52
11 22 65
11 23 212
11 24 149
11 25 148
11 26 16
11 27 179
11 28 46
11 29 88
11 30 101
11 31 44
11 32 130
11 33 15
11 34 903
11 35 22
11 36 15
11 37 432
11 38 314
11 39 1100
11 40 92
11 41 10
11 42 168
11 43 1275
11 44 69
11 45 122
11 46 27
11 47 68
11 48 20
11 49 98
11 50 19
11 51 23
11 52 34
11 53 647
11 54 6
11 55 53
11 56 564
11 57 379
11 58 27
11 59 25
11 60 14
11 62 8
11 63 39
11 64 13
11 65 391
11 66 23
11 67 65
11 68 53
11 69 319
11 70 6
11 71 14
11 72 51
11 73 25
11 74 10
11 75 20
11 76 98
11 77 13
11 78 57
11 79 13
11 80 12
11 81 9
11 82 10
11 83 75
11 84 26
11 85 5
11 87 195
11 88 9
11 90 8
11 91 8
11 94 15
11 95 82
11 96 141
11 97 47
11 105 26
11 107 7
11 109 21
11 111 17
11 114 88
11 116 11
11 118 10
11 123 26
11 126 200
11 133 38
11 139 16
11 144 8
11 148 31
11 152 155
11 168 70
11 175 288
11 183 2109
11 189 1030
11 190 1687
11 195 5
11 196 10
11 198 29
12 12 111
12 13 253
12 14 49
12 15 98
12 16 23
12 17 25
12 18 15
12 19 56
12 20 29
12 21 16
12 22 19
12 23 30
12 24 20
12 25 17
12 26 36
12 27 63
12 28 84
12 29 145
12 30 21
12 31 27
12 32 25
12 33 22
12 34 57
12 35 11
12 36 12
12 37 26
12 38 36
12 39 55
12 40 22
12 41 11
12 42 23
12 43 44
12 44 40
12 45 22
12 46 28
12 47 34
12 48 1575
12 49 11
12 50 62
12 51 15
12 52 284
12 53 32
12 54 12
12 55 249
12 56 108
12 57 51
12 58 46
12 59 14
12 60 9
12 61 60
12 62 20
12 63 758
12 64 39
12 65 43
12 66 13
12 67 60
12 68 20
12 69 272
12 70 68
12 71 88
12 72 16
12 73 196
12 74 105
12 75 102
12 76 10
12 77 27
12 78 290
12 79 11
12 80 61
12 81 10
12 82 10
12 83 12
12 84 26
12 85 11
12 86 22
12 88 10
12 89 26
12 90 22
12 91 14
12 93 21
12 94 29
12 95 188
12 96 11
12 97 10
12 99 15
12 101 161
12 103 10
12 104 12
12 106 68
12 107 10
12 108 5
12 109 10
12 111 53
12 112 11
12 114 160
12 120 11
12 122 79
12 123 15
12 125 22
12 130 8
12 131 38
12 133 25
12 134 11
12 135 11
12 139 15
12 140 19
12 141 11
12 148 11
12 151 8
12 152 26
12 158 44
12 160 10
12 166 26
12 168 15
12 172 16
12 178 18
12 179 22
12 188 13
12 189 15
12 190 37
12 198 29
13 13 13
13 14 35
13 15 24
13 16 12
13 17 28
13 18 28
13 20 11
13 21 21
13 22 35
13 23 7
13 24 15
13 25 13
13 26 43
13 28 17
13 29 21
13 30 13
13 32 30
13 33 14
13 35 14
13 36 10
13 37 7
13 39 49
13 40 17
13 41 11
13 42 31
13 44 128
13 45 7
13 46 19
13 47 13
13 48 11
13 50 26
13 51 9
13 52 11
13 54 39
13 55 34
13 56 13
13 59 28
13 60 5
13 64 4
13 65 44
13 66 8
13 67 28
13 68 13
13 69 10
13 70 9
13 71 6
13 72 16
13 73 18
13 74 11
13 75 223
13 76 21
13 77 42
13 79 9
13 80 19
13 81 10
13 82 9
13 83 7
13 85 16
13 87 95
13 88 5
13 90 5
13 91 38
13 94 199
13 97 5
13 100 3
13 103 11
13 107 29
13 109 7
13 114 440
13 121 5
13 125 5
13 139 6
13 142 5
13 145 8
13 174 48
13 186 160
14 14 21
14 17 27
14 19 157
14 21 98
14 22 51
14 24 13
14 26 6
14 29 18
14 30 17
14 31 22
14 32 16
14 37 8
14 39 2830
14 44 93
14 49 25
14 50 109
14 55 73
14 61 25
14 63 28
14 68 22
14 73 75
14 79 20
14 81 3071
14 94 136
14 102 36
14 104 8
14 111 8
14 126 22
14 127 26
15 15 11
15 16 27
15 17 49
15 18 21
15 19 8
15 20 16
15 21 19
15 22 41
15 24 16
15 25 12
15 26 13
15 29 37
15 30 11
15 33 17
15 35 13
15 36 11
15 37 8
15 40 12
15 41 5
15 42 19
15 43 314
15 45 30
15 46 10
15 47 37
15 48 19
15 50 53
15 51 16
15 52 6
15 54 6
15 55 157
15 56 6
15 60 70
15 64 13
15 66 9
15 67 10
15 69 5
15 70 5
15 71 7
15 72 62
15 73 22
15 74 70
15 76 30
15 79 11
15 80 39
15 81 3
15 82 7
15 83 55
15 85 10
15 91 9
15 94 23
15 95 10
15 118 4
15 139 32
16 16 226
16 17 21
16 18 20
16 19 26
16 20 22
16 21 15
16 22 97
16 23 12
16 24 16
16 25 17
16 26 19
16 28 11
16 29 28
16 30 79
16 33 10
16 35 15
16 36 9
16 37 15
16 39 81
16 40 16
16 41 6
16 42 16
16 43 7
16 44 147
16 45 15
16 46 13
16 47 7
16 48 7
16 50 16
16 51 9
16 52 14
16 54 58
16 55 36
16 56 10
16 62 33
16 64 9
16 65 309
16 66 12
16 67 5
16 68 20
16 69 4
16 70 5
16 71 4
16 72 34
16 73 12
16 74 327
16 75 112
16 76 12
16 77 40
16 79 7
16 80 10
16 82 5
16 83 6
16 85 938
16 87 140
16 88 9
16 90 10
16 91 440
16 94 14
16 95 139
16 103 16
16 106 166
16 109 8
16 120 226
16 121 175
16 124 193
16 127 167
16 142 16
16 145 124
16 149 124
16 158 31
16 175 385
17 17 25
17 18 27
17 19 49
17 20 244
17 21 25
17 22 32
17 23 20
17 24 16
17 25 18
17 26 15
17 28 1671
17 29 23
17 30 19
17 32 61
17 33 40
17 35 16
17 36 14
17 39 6967
17 40 19
17 41 20
17 42 21
17 43 9
17 44 90
17 45 35
17 46 19
17 47 35
17 48 18
17 50 108
17 51 16
17 52 20
17 53 5
17 54 17
17 55 64
17 56 13
17 59 26
17 60 10
17 61 27
17 63 15
17 64 16
17 66 14
17 67 12
17 68 11
17 69 18
17 70 6
17 71 8
17 72 17
17 73 30
17 74 63
17 75 125
17 76 13
17 79 13
17 80 18
17 81 17
17 82 16
17 83 18
17 85 443
17 88 16
17 91 18
17 94 25
17 97 8
17 100 25
17 101 39
17 102 55
17 103 17
17 105 40
17 109 26
17 118 13
17 120 27
17 125 4
17 135 126
17 137 160
17 139 11
17 145 32
17 146 5
17 155 29
17 182 11
17 189 11
18 18 16
18 20 12
18 21 35
18 22 23
18 24 22
18 25 38
18 26 19
18 29 31
18 30 12
18 33 13
18 35 13
18 36 5
18 40 8
18 41 9
18 42 20
18 45 17
18 46 17
18 47 36
18 48 17
18 50 21
18 51 19
18 52 9
18 54 14
18 55 24
18 56 10
18 64 3
18 66 10
18 67 4
18 69 5
18 71 4
18 72 28
18 73 10
18 74 40
18 76 15
18 79 13
18 80 48
18 81 11
18 82 89
18 85 6
18 91 8
18 94 12
18 97 16
18 100 4
18 109 28
18 189 14
18 194 5
19 19 64
19 20 275
19 21 150
19 22 81
19 23 42
19 24 24
19 25 41
19 26 9
19 27 56
19 28 26
19 29 265
19 31 15
19 32 33
19 33 18
19 34 312
19 37 116
19 38 29
19 39 86
19 40 297
19 42 382
19 43 55
19 47 25
19 48 6743
19 50 734
19 51 10
19 52 36
19 53 34
19 55 451
19 57 80
19 58 51
19 59 27
19 63 5174
19 68 21
19 69 29
19 73 128
19 74 1918
19 75 8
19 77 14
19 80 10
19 84 10
19 86 29
19 89 22
19 91 405
19 93 26
19 108 6
19 111 9
19 114 6966
19 115 5
19 122 7
19 130 86
19 131 32
19 153 10
19 157 20
19 160 8
19 162 8
19 176 18
20 20 29
20 21 35
20 22 32
20 24 10
20 25 9
20 26 5
20 27 271
20 29 19
20 30 14
20 33 13
20 35 12
20 36 11
20 37 281
20 40 17
20 41 12
20 42 11
20 45 15
20 46 17
20 47 6
20 48 6
20 50 19
20 51 12
20 54 5
20 55 25
20 56 20
20 58 322
20 64 3
20 66 11
20 69 4
20 70 37
20 72 4
20 73 18
20 74 4
20 76 4
20 79 9
20 81 8
20 82 12
20 88 3
20 94 21
20 145 5
21 21 21
21 22 31
21 23 11
21 24 15
21 25 21
21 26 25
21 29 31
21 30 19
21 31 6
21 33 12
21 35 231
21 36 8
21 37 48
21 38 11
21 39 22
21 40 23
21 41 46
21 42 27
21 45 10
21 46 17
21 47 29
21 48 25
21 50 402
21 51 48
21 52 20
21 53 22
21 54 28
21 55 37
21 56 23
21 60 22
21 64 19
21 66 5
21 67 12
21 69 20
21 70 10
21 71 6
21 72 124
21 73 32
21 74 33
21 76 7
21 79 9
21 80 43
21 82 17
21 83 35
21 85 14
21 88 5
21 89 2
21 90 16
21 91 118
21 94 17
21 95 64
21 100 5
21 102 34
21 103 11
21 107 9
21 123 37
21 129 8
21 135 2
21 139 24
21 144 12
21 189 188
21 196 12
22 22 47
22 24 49
22 25 29
22 26 39
22 29 29
22 30 34
22 31 2292
22 33 24
22 35 29
22 36 16
22 39 45
22 40 27
22 41 20
22 42 28
22 45 21
22 46 33
22 47 37
22 48 38
22 49 7
22 50 43
22 51 22
22 52 28
22 54 36
22 55 34
22 56 38
22 60 4
22 64 28
22 65 5
22 66 19
22 67 25
22 69 28
22 70 35
22 71 24
22 72 9
22 73 27
22 74 50
22 75 48
22 76 33
22 79 44
22 80 50
22 81 10
22 82 24
22 83 27
22 85 69
22 90 44
22 91 45
22 94 25
22 95 56
22 102 40
22 103 31
22 104 6
22 107 44
22 118 44
22 123 45
22 142 69
22 145 9
22 196 48
22 198 18
23 23 28
23 24 185
23 27 27
23 28 94
23 29 50
23 30 11
23 33 14
23 34 77
23 35 13
23 37 33
23 38 19
23 39 18
23 43 15
23 47 7
23 50 44
23 53 24
23 55 54
23 56 31
23 57 26
23 58 29
23 68 35
23 69 6
23 72 5
23 73 3581
23 77 12
23 78 1923
23 84 16
23 115 19
23 122 85
23 132 5
23 160 5
23 166 36
23 168 11
23 176 35
23 190 23
24 24 12
24 25 502
24 26 22
24 29 18
24 30 12
24 33 12
24 35 13
24 36 8
24 39 53
24 40 9
24 41 7
24 42 18
24 45 6
24 46 10
24 47 8
24 48 8
24 50 22
24 51 9
24 54 10
24 55 27
24 56 4
24 64 14
24 66 10
24 69 12
24 71 5
24 73 13
24 74 10
24 75 22
24 76 7
24 77 12
24 79 5
24 80 20
24 83 5
24 91 24
24 92 12
24 94 12
24 95 24
24 97 5
24 102 42
24 114 17
24 121 15
24 123 29
24 129 14
24 139 8
24 183 12
24 195 11
24 198 26
25 25 21
25 26 31
25 28 8
25 29 20
25 30 23
25 33 14
25 35 6
25 36 7
25 40 15
25 41 8
25 42 10
25 43 10
25 45 9
25 46 103
25 47 24
25 48 11
25 50 34
25 51 19
25 52 16
25 55 27
25 56 27
25 58 3
25 65 10
25 69 8
25 71 9
25 72 119
25 73 12
25 74 12
25 76 3
25 79 4
25 80 10
25 91 10
25 94 14
25 100 20
25 121 16
25 145 7
26 26 12
26 28 977
26 29 33
26 30 24
26 33 36
26 35 7
26 36 7
26 40 7
26 41 11
26 42 14
26 45 9
26 46 4
26 47 5
26 48 2
26 50 64
26 51 6
26 52 1
26 54 7
26 55 31
26 56 4
26 64 13
26 66 11
26 69 10
26 71 5
26 73 6
26 74 15
26 76 3
26 79 3
26 80 10
26 82 4
26 90 6
26 91 116
26 94 26
26 95 7
26 97 3
26 101 75
26 103 4
26 109 5
26 118 9
26 135 26
26 139 266
27 27 13
27 28 23
27 29 24
27 33 19
27 34 23
27 37 20
27 38 34
27 39 28
27 43 41
27 45 11
27 46 30
27 47 9
27 50 49
27 53 239
27 55 129
27 57 46
27 58 109
27 68 12
27 73 22
27 77 1656
27 89 27
27 108 17
27 122 95
27 134 10
27 151 8
27 160 14
27 176 9
27 178 5
27 190 31
27 198 17
28 28 211
28 29 38
28 31 13
28 34 13
28 37 25
28 38 314
28 39 20
28 43 55
28 50 41
28 53 20
28 55 190
28 57 100
28 58 47
28 68 8
28 77 17
28 80 50
28 84 55
28 86 48
28 89 46
28 93 9
28 122 8
28 132 12
28 166 10
28 168 82
29 29 20
29 30 31
29 32 11
29 33 31
29 34 37
29 35 55
29 36 11
29 37 52
29 38 31
29 39 26
29 40 22
29 41 40
29 42 36
29 43 27
29 44 91
29 45 12
29 46 26
29 47 20
29 48 13
29 50 26
29 51 20
29 52 25
29 53 36
29 54 20
29 55 30
29 56 36
29 57 19
29 58 35
29 60 50
29 63 25
29 64 23
29 65 7
29 66 17
29 67 10
29 68 458
29 69 27
29 70 43
29 71 7
29 72 12
29 73 22
29 74 24
29 75 26
29 76 66
29 77 18
29 78 27
29 79 14
29 80 14
29 81 19
29 82 59
29 83 22
29 88 54
29 89 27
29 90 10
29 91 38
29 93 40
29 94 21
29 95 42
29 97 8
29 100 9
29 101 31
29 105 8
29 106 75
29 107 52
29 109 21
29 114 36
29 115 88
29 120 91
29 123 8
29 133 23
29 135 27
29 139 18
29 143 274
29 145 34
29 148 27
29 152 19
29 165 148
29 168 19
29 188 16
30 30 7
30 33 12
30 35 7
30 36 22
30 37 14
30 39 50
30 40 26
30 41 4
30 42 11
30 43 6
30 44 94
30 45 13
30 46 13
30 47 16
30 48 13
30 50 28
30 51 14
30 52 11
30 54 11
30 55 29
30 56 7
30 57 8
30 60 13
30 66 14
30 67 18
30 71 14
30 73 29
30 74 8
30 76 5
30 77 8
30 91 23
30 94 12
30 95 7
30 100 12
30 102 39
30 133 6
30 139 6
30 183 13
30 198 23
31 31 12
31 32 19
31 39 27
31 44 55
31 49 28
31 50 53
31 55 47
31 59 33
31 61 193
31 62 19
31 63 12
31 73 31
31 92 7
31 96 26
31 98 20
31 99 118
31 102 78
31 104 11
31 110 174
31 111 19
31 116 191
31 117 205
31 126 20
31 145 10
31 159 42
31 177 15
31 193 736
31 198 21
32 32 22
32 42 13
32 44 30
32 49 7
32 50 122
32 55 49
32 59 24
32 61 29
32 63 18
32 73 33
32 92 13
32 96 188
32 98 20
32 99 173
32 104 9
32 111 45
32 126 20
32 150 15
32 177 38
33 33 92
33 35 16
33 36 7
33 39 22
33 40 33
33 41 16
33 42 11
33 43 123
33 44 15
33 45 10
33 46 31
33 47 9
33 48 14
33 50 38
33 51 12
33 52 13
33 54 7
33 55 28
33 56 19
33 58 185
33 60 9
33 64 12
33 65 234
33 66 11
33 67 8
33 69 26
33 70 12
33 71 11
33 72 10
33 73 14
33 74 19
33 75 27
33 76 10
33 77 12
33 79 16
33 80 64
33 81 10
33 82 10
33 85 7
33 88 11
33 91 13
33 94 16
33 95 51
33 100 8
33 104 17
33 106 722
33 107 11
33 111 25
33 125 18
33 126 10
33 137 150
33 139 10
33 144 9
33 198 25
34 34 13
34 37 27
34 38 8
34 39 116
34 43 20
34 50 51
34 53 538
34 55 25
34 57 128
34 58 9
34 68 15
34 77 13
34 108 3
34 122 16
34 151 13
34 198 34
35 35 37
35 36 8
35 37 7
35 40 20
35 42 10
35 45 6
35 46 20
35 47 6
35 50 27
35 51 15
35 52 10
35 55 25
35 56 5
35 64 6
35 66 10
35 67 10
35 69 10
35 71 2
35 73 13
35 74 35
35 77 6
35 91 32
35 94 21
35 107 6
35 123 16
36 36 8
36 40 7
36 41 15
36 42 12
36 45 26
36 46 2
36 47 14
36 48 8
36 50 11
36 52 23
36 55 22
36 56 8
36 59 27
36 60 9
36 64 6
36 66 9
36 70 6
36 71 5
36 73 10
36 74 15
36 79 29
36 81 15
36 83 4
36 85 3
36 91 54
36 94 21
36 107 10
36 109 11
36 123 5
36 146 4
36 194 11
37 37 17
37 38 11
37 39 754
37 43 501
37 44 99
37 50 52
37 53 6
37 55 191
37 57 16
37 58 25
37 59 28
37 68 13
37 84 12
37 89 23
37 131 38
37 198 22
38 38 51
38 39 35
38 43 16
38 53 28
38 55 55
38 57 60
38 68 7
38 77 12
38 80 195
38 84 18
38 86 3
38 190 22
39 39 28
39 43 20
39 44 109
39 49 6
39 50 47
39 53 16
39 55 35
39 57 13
39 58 23
39 59 26
39 68 18
39 73 41
39 77 29
39 92 13
39 102 56
39 104 58
39 115 11
39 198 60
40 40 20
40 41 17
40 42 11
40 44 94
40 45 12
40 46 27
40 47 13
40 50 146
40 51 7
40 52 6
40 55 38
40 56 3
40 66 11
40 67 8
40 69 7
40 70 14
40 71 7
40 72 5
40 73 8
40 74 43
40 76 11
40 79 20
40 80 13
40 81 3
40 83 16
40 91 9
40 94 19
40 100 3
40 107 8
40 123 9
40 165 3
40 194 30
41 41 4
41 42 12
41 45 8
41 46 11
41 47 37
41 48 5
41 50 5
41 51 4
41 55 18
41 56 5
41 64 6
41 65 568
41 66 14
41 69 10
41 72 15
41 73 17
41 76 14
41 79 6
41 81 8
41 82 5
41 83 6
41 88 7
41 94 21
41 97 11
41 103 20
41 146 3
42 42 20
42 45 31
42 46 7
42 47 23
42 48 6
42 50 22
42 51 13
42 52 37
42 55 36
42 56 7
42 59 43
42 60 9
42 64 18
42 69 2
42 70 12
42 73 30
42 74 21
42 76 18
42 81 7
42 85 12
42 89 19
42 94 20
42 95 20
42 103 54
42 107 5
42 135 13
43 43 26
43 47 21
43 50 34
43 52 6
43 53 11
43 55 90
43 57 40
43 58 39
43 68 132
43 73 61
43 77 9
43 86 10
43 139 3
43 162 7
44 44 118
44 46 78
44 50 209
44 54 276
44 55 117
44 63 11
44 65 63
44 73 36
44 75 191
44 80 375
44 87 46
44 95 47
44 101 62
44 102 41
44 105 97
44 106 7
44 114 60
44 121 51
44 128 262
44 129 94
44 137 94
44 145 53
44 149 24
44 152 43
44 164 335
44 167 4
44 173 11
44 175 54
44 177 289
44 186 96
44 189 14
44 193 96
45 47 9
45 48 10
45 50 37
45 51 10
45 55 22
45 64 6
45 69 9
45 71 4
45 73 17
45 74 6
45 80 10
45 85 9
45 87 22
45 91 7
45 94 12
45 106 64
45 118 6
45 127 6
45 189 16
46 47 8
46 48 14
46 50 36
46 51 12
46 55 21
46 72 6
46 73 35
46 74 16
46 80 23
46 88 20
46 91 50
46 94 12
46 95 84
46 106 67
46 109 9
46 173 52
46 188 7
47 47 12
47 48 35
47 50 82
47 51 6
47 54 7
47 55 45
47 56 11
47 57 20
47 65 6
47 66 6
47 70 21
47 71 8
47 73 41
47 74 8
47 76 6
47 79 4
47 80 128
47 85 9
47 90 5
47 91 7
47 94 12
47 103 5
47 125 5
47 133 23
48 50 8
48 55 98
48 56 5
48 59 25
48 73 4
48 74 9
48 94 10
48 97 5
48 139 21
49 49 192
49 50 39
49 55 21
49 59 26
49 61 18
49 62 15
49 63 36
49 92 6
49 96 16
49 99 12
49 104 11
49 111 14
49 126 16
49 159 37
50 50 4
50 51 9
50 54 124
50 55 52
50 56 35
50 57 36
50 58 46
50 59 687
50 61 34
50 62 44
50 63 50
50 66 29
50 69 42
50 71 8
50 72 38
50 73 1040
50 75 72
50 76 34
50 79 23
50 80 21
50 81 41
50 91 35
50 94 9
50 96 35
50 99 104
50 100 5
50 104 38
50 110 199
50 111 78
50 114 139
50 126 80
50 130 32
50 139 33
50 152 45
50 155 175
50 162 34
50 168 51
50 171 47
50 199 232
51 51 10
51 52 7
51 55 27
51 60 46
51 64 8
51 66 14
51 69 29
51 71 8
51 73 30
51 74 10
51 76 21
51 81 9
51 82 11
51 88 16
51 94 41
51 97 5
51 139 8
51 145 6
52 52 13
52 55 101
52 66 10
52 73 410
52 79 7
52 81 9
52 82 5
52 94 12
52 155 4960
53 53 10
53 55 79
53 57 25
53 58 127
53 68 28
53 86 98
53 93 18
53 122 115
54 55 350
54 59 96
54 65 142
54 66 18
54 73 64
54 74 14
54 75 125
54 76 3
54 80 10
54 87 96
54 101 98
54 120 192
54 142 6
55 55 45
55 56 27
55 57 22
55 58 113
55 59 780
55 60 22
55 61 51
55 63 26
55 64 23
55 65 33
55 66 826
55 67 27
55 68 75
55 69 20
55 70 103
55 71 27
55 72 27
55 73 346
55 74 42
55 75 136
55 76 24
55 77 33
55 78 20
55 79 18
55 80 20
55 81 21
55 82 24
55 83 50
55 85 30
55 87 53
55 88 95
55 89 21
55 90 17
55 91 21
55 94 33
55 95 53
55 96 21
55 97 21
55 99 24
55 101 115
55 102 29
55 103 22
55 105 21
55 106 78
55 107 84
55 110 19
55 111 30
55 113 20
55 114 53
55 118 27
55 123 86
55 124 110
55 130 9
55 139 24
55 140 21
55 142 34
55 144 36
55 145 23
55 152 83
55 158 47
55 165 21
55 168 31
55 172 26
55 173 3
55 182 21
55 183 33
55 189 23
55 190 3327
55 195 26
55 196 61
56 56 71
56 64 5
56 67 32
56 70 3
56 71 3
56 73 284
56 74 21
56 90 2
56 91 4
56 94 28
56 107 13
56 114 309
57 58 25
57 68 9
57 73 1419
57 77 17
57 84 4
57 86 13
57 89 31
57 93 39
57 115 6
57 132 20
57 151 7
57 188 5
58 58 21
58 84 11
58 122 64
59 59 14
59 61 7
59 62 34
59 63 39
59 73 39
59 78 285
59 88 227
59 96 135
59 98 21
59 99 18
59 102 12
59 104 17
59 111 15
59 112 26
59 116 9
59 126 29
59 177 15
59 192 24
60 77 3
60 80 10
60 94 11
60 102 34
60 107 81
61 61 13
61 62 7
61 63 26
61 73 46
61 96 30
61 102 39
61 104 6
61 110 5
61 111 16
61 112 13
61 117 13
61 126 18
61 168 53
62 62 30
62 63 22
62 92 49
62 96 29
62 98 29
62 102 26
62 104 20
62 111 19
62 126 106
63 63 42
63 72 12
63 75 70
63 98 13
63 99 10
63 102 31
63 104 11
63 110 4
63 111 28
63 112 26
63 116 18
63 117 26
63 126 15
63 172 9
64 73 18
64 74 6
64 82 5
64 85 13
64 91 11
64 94 14
65 65 56
65 75 12
65 87 33
65 101 5
65 105 33
65 106 186
65 114 6
65 130 5
65 149 21
65 152 19
65 167 92
65 173 70
65 189 11
66 67 103
66 69 66
66 72 8
66 73 17
66 91 10
66 94 14
66 95 4
66 100 9
66 196 8
67 73 4
67 74 17
67 82 4
67 94 11
68 68 11
68 73 32
68 77 9
68 86 4
68 89 37
68 134 7
69 73 26
69 74 7
69 81 9
69 94 12
69 114 21
69 161 8
69 165 4
69 189 13
70 74 7
70 79 3
71 73 31
71 74 11
71 91 13
71 94 12
72 74 6
72 76 17
72 91 8
72 130 2
73 73 12
73 74 44
73 75 65
73 76 2001
73 80 13
73 82 29
73 83 16
73 85 18
73 87 48
73 91 19
73 92 30
73 94 12
73 95 66
73 106 98
73 109 9
73 114 34
73 120 31
73 137 58
73 146 7
73 149 37
73 154 100
74 74 7
74 82 7
74 83 7
74 85 10
74 87 14
74 88 18
74 91 23
74 94 33
74 97 38
74 106 24
74 118 7
74 146 18
74 196 7
75 75 180
75 87 38
75 88 450
75 101 327
75 105 177
75 114 6
75 120 13
75 124 330
75 136 13
75 137 489
75 189 13
76 118 5
77 77 4
77 102 35
77 108 11
77 160 10
77 179 11
78 111 19
78 128 10
78 193 295
79 94 12
80 82 24
80 102 13
83 94 10
83 140 8
86 86 6
87 94 17
87 105 61
87 106 19
87 114 408
87 126 17
87 127 20
87 136 55
87 141 22
87 152 15
87 186 7
87 189 19
88 139 5
91 129 9
92 99 10
92 102 37
92 111 19
94 165 12
94 171 10
95 105 100
95 106 81
95 114 38
95 120 21
95 130 36
95 149 73
95 189 28
96 99 17
96 111 23
98 111 16
99 102 12
99 104 12
99 111 31
99 116 9
99 126 19
101 105 5
101 114 32
101 149 380
101 189 90
102 104 25
102 110 8
102 111 22
102 116 38
102 117 33
102 150 7
104 111 28
104 126 6
104 177 12
105 129 5
105 145 22
105 155 5
106 121 75
106 129 116
106 175 72
106 189 152
110 116 5
110 126 176
111 116 71
111 117 20
111 128 15
112 112 22
114 136 26
114 141 22
114 145 30
114 152 17
114 167 29
114 174 36
114 185 25
116 116 173
117 126 15
120 189 27
121 186 5
123 152 26
124 200 143
126 159 43
127 174 16
127 189 23
128 189 12
141 189 22
145 145 47
145 174 10
145 180 17
152 173 52
162 162 6
173 189 66
174 189 41
175 189 14
