45 152 15
177 152 9
86 152 33
23 152 20
36 152 18
9 152 19
17 152 225
79 152 9
8 152 17
110 152 12
166 152 10
4 152 13
1 152 19
173 152 15
97 2 11
55 2 18
22 2 13
25 2 50
20 2 15
170 2 18
121 2 71
41 2 29
26 2 34
70 2 12
190 2 10
50 2 17
102 2 16
38 2 107
3 2 53
19 2 29
62 2 29
15 2 46
153 2 32
13 2 92
155 2 19
166 2 15
133 2 19
61 2 12
183 2 11
141 2 12
177 2 13
51 2 93
195 2 15
39 2 2534
48 2 73
37 2 21
11 2 23
95 2 329
42 2 16
103 2 11
34 2 34
117 2 15
76 2 13
5 2 37
119 2 14
122 2 19
174 2 11
6 2 19
57 2 12
18 2 84
23 2 12
45 2 19
93 2 128
96 2 53
89 2 14
162 2 12
91 2 18
30 2 45
49 2 17
32 2 52
196 2 22
78 2 26
188 2 14
59 2 12
115 2 10
29 2 23
127 2 11
87 2 18
113 2 10
98 2 26
105 2 22
160 2 12
54 2 14
35 2 14
69 2 12
21 2 44
187 2 24
52 2 35
81 2 44
44 2 14
123 2 12
104 2 17
185 2 22
82 2 22
28 2 25
33 2 14
106 2 8
109 2 10
74 2 22
12 2 24
167 2 11
4 2 18
124 2 18
193 2 69
147 2 17
71 2 33
131 2 23
134 2 13
14 2 18
75 2 37
84 2 23
128 2 76
73 2 14
16 2 49
107 2 68
60 2 17
148 2 16
192 2 18
7 2 21
111 2 10
88 2 19
138 2 13
31 2 16
118 2 15
143 2 26
171 2 14
169 2 15
86 2 37
175 2 13
1 2 27
67 2 48
154 2 17
140 2 14
10 2 53
47 2 36
36 2 23
17 2 66
9 2 23
8 2 58
56 2 18
139 2 30
66 2 24
64 2 30
80 2 15
24 2 122
179 2 15
112 2 13
92 2 14
43 2 13
117 10 27
28 10 32
166 10 22
158 10 21
17 10 117
11 10 30
16 10 46
48 10 22
7 10 32
18 10 74
38 10 53
83 10 26
12 10 40
30 10 58
20 10 21
56 10 25
22 10 21
133 10 26
32 10 25
15 10 79
50 10 46
67 10 43
161 10 19
31 10 23
78 10 25
51 10 49
8 10 69
79 10 21
54 10 21
14 10 25
92 10 21
62 10 24
88 10 26
107 10 194
37 10 28
114 10 26
9 10 32
73 10 20
34 10 41
5 10 49
52 10 45
33 10 21
13 10 70
162 10 19
1 10 53
4 10 48
99 10 18
23 10 19
66 10 31
19 10 34
24 10 49
6 10 111
139 10 23
45 10 26
3 10 135
82 153 9
1 153 78
70 153 2340
5 153 30
13 153 44
55 153 20
31 161 11
36 161 18
18 161 33
86 161 32
75 161 12
6 161 29
13 161 35
11 161 18
32 161 13
173 161 15
30 161 26
39 161 11
38 161 28
4 161 38
9 161 33
7 161 12
87 161 13
1 161 18
19 50 27
24 50 32
25 50 51
144 50 11
34 50 34
36 50 23
22 50 23
15 50 42
39 50 15
73 50 14
86 50 37
30 50 66
18 50 43
52 50 40
119 50 152
141 50 12
14 50 18
60 50 12
37 50 27
3 50 75
23 50 13
97 50 11
12 50 30
21 50 45
11 50 24
20 50 14
8 50 22
4 50 18
71 50 40
6 50 25
9 50 38
5 50 39
84 50 17
35 50 14
26 50 34
1 50 28
51 50 41
17 50 66
67 50 37
13 50 85
66 50 25
118 50 20
105 50 12
33 50 18
59 50 13
16 166 12
70 166 10
9 166 21
17 166 64
18 166 36
15 166 30
7 166 15
37 166 19
161 166 10
12 166 39
30 166 24
87 166 16
177 166 12
173 166 17
11 166 22
5 166 25
110 166 15
6 166 53
185 166 15
55 166 13
3 166 52
69 166 8
36 166 20
1 166 20
4 166 16
52 62 36
12 62 35
9 62 24
66 62 25
8 62 35
147 62 18
88 62 44
14 62 18
78 62 33
16 62 43
171 62 14
18 62 44
13 62 44
11 62 24
69 62 14
43 62 14
38 62 103
54 62 15
31 62 17
4 62 25
74 62 21
3 62 67
51 62 42
1 62 23
32 62 34
19 62 28
5 62 27
56 62 18
17 62 76
7 62 19
30 62 28
23 62 13
140 62 30
37 62 30
71 62 42
34 62 34
123 62 15
106 97 35
8 97 16
1 97 17
5 97 21
3 97 48
15 97 26
13 97 35
89 97 6
67 97 1839
29 97 17
6 97 13
31 97 10
81 97 7
4 97 12
20 97 8
168 97 8
87 97 12
33 97 9
54 97 8
11 97 18
17 7 97
23 7 13
22 7 14
119 7 15
28 7 112
63 7 2354
67 7 45
150 7 67
29 7 81
18 7 39
3 7 65
70 7 13
33 7 47
56 7 27
156 7 12
84 7 17
4 7 23
16 7 47
13 7 41
77 7 2125
12 7 25
157 7 2264
133 7 20
200 7 56
116 7 23
43 7 14
108 7 16
86 7 37
96 7 76
114 7 13
61 7 14
15 7 49
117 7 29
51 7 48
35 7 14
99 7 11
145 7 13
71 7 24
14 7 51
91 7 135
146 7 14
11 7 38
31 7 16
115 7 12
66 7 25
20 7 15
87 7 18
97 7 2083
19 7 28
73 7 15
6 7 100
171 7 15
5 7 27
103 7 12
8 7 57
154 7 2408
9 7 67
48 7 15
37 7 59
32 7 19
127 7 11
69 7 12
83 7 20
54 7 15
1 7 65
191 7 24
131 7 83
67 33 38
34 33 31
22 33 13
83 33 17
17 33 63
92 33 12
40 33 12
18 33 36
3 33 74
38 33 69
29 33 27
51 33 46
82 33 10
148 33 18
15 33 33
106 33 7
21 33 41
13 33 55
64 33 18
20 33 11
153 33 12
78 33 15
146 33 11
14 33 30
75 33 15
52 33 35
167 33 7
31 33 14
74 33 9
4 33 16
174 33 9
115 33 9
8 33 22
176 33 8
26 33 31
19 33 25
105 33 86
140 33 24
11 33 21
192 33 16
1 33 55
9 33 21
5 33 24
55 33 14
6 33 17
17 83 68
107 83 70
28 83 28
9 83 25
18 83 40
38 83 35
4 83 20
70 83 15
66 83 27
43 83 16
128 83 14
49 83 19
99 83 13
145 83 15
177 83 16
31 83 18
132 83 29
54 83 16
24 83 34
1 83 25
11 83 26
4 115 12
6 115 25
35 115 8
5 115 21
105 115 6
22 115 8
11 115 18
18 115 32
87 115 12
18 60 37
54 60 9
24 60 26
123 60 7
56 60 13
140 60 10
23 60 7
12 60 28
88 60 14
116 60 23
14 60 15
16 60 21
45 60 14
86 60 48
1 60 18
3 60 65
79 60 9
96 60 24
74 60 20
73 60 9
31 60 11
30 60 45
41 60 42
43 60 9
36 60 33
92 60 9
19 60 28
71 60 20
148 60 9
66 60 20
120 60 74
17 60 81
34 60 28
135 60 11
39 60 25
147 60 12
8 60 17
15 60 45
4 60 13
11 60 19
35 60 27
9 60 19
114 60 26
19 56 112
17 56 67
79 56 15
71 56 24
1 56 24
9 56 35
4 56 19
35 56 14
133 56 20
16 56 15
11 56 24
31 56 17
32 56 19
123 56 21
22 56 42
37 56 23
18 56 60
14 56 19
8 56 22
88 56 20
69 56 12
92 56 15
66 56 25
171 56 15
43 56 14
13 56 42
54 56 15
12 56 25
147 56 18
140 56 16
30 56 27
45 56 37
15 56 33
73 56 15
21 56 62
48 56 15
24 56 37
34 56 34
38 56 39
39 56 15
49 56 18
5 56 28
23 56 13
74 144 8
1 144 17
87 144 11
89 144 6
15 144 25
92 144 8
5 144 21
6 144 33
26 144 28
180 144 7
21 144 210
140 144 9
75 144 11
2 144 18
34 21 61
169 21 46
6 21 49
183 21 43
49 21 4554
122 21 51
35 21 41
78 21 52
13 21 71
47 21 51
17 21 99
111 21 38
135 21 43
89 21 39
105 21 48
55 21 43
29 21 70
9 21 51
146 21 40
74 21 39
14 21 45
18 21 65
39 21 43
1 21 51
92 21 41
192 21 45
80 21 43
16 21 106
8 21 49
10 21 51
88 21 46
93 21 48
3 21 94
51 21 68
65 21 97
117 21 42
25 21 107
196 21 45
148 21 41
59 21 42
52 21 63
26 21 62
147 21 45
15 21 59
149 21 40
102 21 51
11 21 97
82 21 39
84 21 44
96 21 57
91 21 56
41 21 107
43 21 41
118 21 56
98 21 73
19 21 55
76 21 61
57 21 88
5 21 54
109 21 69
116 21 47
141 21 39
140 21 58
37 21 109
107 132 69
103 132 13
48 132 16
54 132 15
70 132 13
31 132 17
8 132 23
37 132 22
1 132 24
66 132 25
17 132 67
63 132 3456
4 132 19
11 132 24
181 132 20
24 132 44
69 132 12
23 132 13
107 8 73
29 8 44
24 8 118
64 8 81
157 8 23
78 8 55
137 8 2257
11 8 51
67 8 44
37 8 53
99 8 15
19 8 32
18 8 59
28 8 30
172 8 35
170 8 92
90 8 2274
61 8 23
48 8 19
30 8 53
140 8 31
17 8 70
81 8 17
3 8 61
79 8 19
88 8 24
22 8 19
150 8 27
114 8 18
96 8 34
20 8 19
92 8 19
142 8 16
15 8 36
98 8 38
12 8 31
31 8 21
66 8 29
34 8 40
54 8 19
32 8 23
162 8 17
77 8 17
23 8 17
190 8 15
49 8 33
51 8 45
35 8 19
70 8 17
73 8 19
191 8 29
6 8 24
131 8 30
174 8 16
5 8 50
83 8 24
133 8 24
105 8 5295
200 8 25
87 8 23
14 8 22
9 8 51
109 8 38
181 8 93
43 8 18
69 8 15
13 8 72
1 8 61
41 8 38
156 8 15
119 8 19
106 8 14
52 8 40
39 8 29
108 8 21
4 8 30
16 8 45
38 8 37
113 140 8
22 140 12
117 140 13
63 140 16
23 140 10
32 140 16
12 140 23
48 140 13
19 140 25
13 140 53
78 140 37
82 140 10
3 140 64
6 140 28
31 140 14
5 140 28
71 140 34
11 140 22
14 140 16
9 140 22
153 140 31
1 140 40
18 140 48
24 140 29
50 140 28
30 140 62
17 140 366
180 140 11
51 140 39
39 140 14
55 140 14
106 140 8
4 140 16
15 140 38
82 118 30
22 118 23
44 118 25
39 118 31
89 118 22
11 118 22
47 118 34
70 118 10
15 118 30
20 118 12
34 118 32
5 118 25
40 118 13
106 118 28
3 118 79
27 118 203
19 118 25
4 118 5123
1 118 21
35 118 12
69 118 50
55 118 13
18 118 36
17 118 81
51 118 38
113 118 21
138 118 12
25 118 53
6 118 36
13 118 45
29 19 48
102 19 27
26 19 44
13 19 51
200 19 52
179 19 26
71 19 61
59 19 22
96 19 40
11 19 34
52 19 99
20 19 25
38 19 43
1 19 99
54 19 25
133 19 30
15 19 43
34 19 44
32 19 29
116 19 31
28 19 36
3 19 76
51 19 52
185 19 29
14 19 28
23 19 23
128 19 27
92 19 25
4 19 29
17 19 76
70 19 23
67 19 50
117 19 26
99 19 21
84 19 27
145 19 23
5 19 37
156 19 21
198 19 32
135 19 26
150 19 33
80 19 26
16 19 24
89 19 23
72 19 49
177 19 24
93 19 71
12 19 35
66 19 35
86 19 48
44 19 149
79 19 43
149 19 51
105 19 25
27 19 34
24 19 44
6 19 30
45 19 45
63 19 28
191 19 35
39 19 30
148 19 24
88 19 30
22 19 25
75 19 28
30 19 37
120 19 28
78 19 46
9 19 34
35 19 38
37 19 32
18 19 55
31 19 27
25 19 98
147 19 28
26 5 62
133 5 29
23 5 22
38 5 84
11 5 33
43 5 23
77 5 23
54 5 24
17 5 138
124 5 28
98 5 36
108 5 47
67 5 50
3 5 97
130 5 26
148 5 24
195 5 28
20 5 24
200 5 30
53 5 73
185 5 27
64 5 29
72 5 33
76 5 21
12 5 34
113 5 23
32 5 28
182 5 21
88 5 29
180 5 27
70 5 22
41 5 52
6 5 29
69 5 21
176 5 21
120 5 32
14 5 28
168 5 50
28 5 35
13 5 107
89 5 23
29 5 33
39 5 24
106 5 78
47 5 22
92 5 24
4 5 28
167 5 24
78 5 42
93 5 26
9 5 35
18 5 117
68 5 23
84 5 27
105 5 22
27 5 78
81 5 23
37 5 65
35 5 39
74 5 38
71 5 33
163 5 45
51 5 62
87 5 48
100 5 28
82 5 22
146 5 2325
59 5 22
22 5 23
1 5 33
75 5 27
30 5 35
129 5 33
187 5 21
55 5 32
122 5 28
52 5 62
109 5 25
15 5 106
86 5 50
65 5 22
149 5 23
25 5 102
66 5 34
31 5 26
36 5 33
49 5 27
194 5 23
16 5 63
30 168 58
11 168 21
23 168 9
75 168 14
24 168 29
1 168 67
13 168 86
6 168 75
17 168 132
22 168 11
20 168 11
19 168 25
4 168 15
31 168 13
34 168 31
87 168 15
12 168 3925
3 168 50
195 168 113
21 168 113
54 61 10
36 61 18
1 61 18
14 61 29
6 61 35
11 61 19
116 61 22
48 61 10
4 61 14
9 61 36
37 61 19
3 61 57
5 61 22
31 61 11
39 61 10
16 61 9
79 61 9
23 61 48
17 61 163
12 61 25
3 82 60
17 82 61
6 82 14
13 82 42
22 82 16
9 82 18
12 82 19
47 82 8
64 82 14
1 82 22
41 82 31
14 82 13
54 82 9
24 82 26
113 82 6
55 82 10
106 82 4
74 82 7
11 82 19
70 82 7
34 82 29
86 162 32
70 162 7
54 162 9
133 162 14
14 162 13
11 162 19
69 162 8
19 162 22
7 162 30
36 162 22
16 162 9
185 162 12
66 162 19
152 162 8
4 162 26
9 162 18
1 162 18
52 162 30
17 162 61
32 73 15
133 73 17
6 73 119
62 73 15
66 73 21
12 73 98
69 73 8
43 73 11
13 73 38
82 73 9
39 73 68
17 73 63
96 73 26
38 73 65
19 73 25
15 73 29
4 73 15
48 73 11
86 73 34
148 73 11
31 73 13
54 73 11
1 73 20
45 73 16
145 73 9
9 73 20
16 73 11
41 73 15
11 73 21
103 73 8
26 73 31
14 73 15
110 73 19
24 73 29
18 73 35
63 73 15
28 73 22
3 73 51
4 145 14
103 145 7
24 145 27
108 145 11
9 145 19
69 145 6
48 145 10
162 145 8
135 145 12
14 145 13
15 145 238
110 145 12
99 145 6
66 48 22
12 48 23
133 48 17
63 48 15
6 48 194
122 48 4846
26 48 219
14 48 15
13 48 110
32 48 16
19 48 80
70 48 10
166 48 13
96 48 27
18 48 36
69 48 9
23 48 10
9 48 21
43 48 11
51 48 100
148 48 12
52 48 38
74 48 10
15 48 93
4 48 16
38 48 35
17 48 98
119 48 3472
108 48 14
11 48 21
36 48 20
162 48 10
62 48 15
24 48 33
28 48 26
3 48 127
92 48 232
45 48 17
158 48 12
54 48 12
103 48 9
25 48 117
81 48 10
1 48 21
31 48 14
35 48 12
18 55 37
1 55 28
57 55 23
41 55 26
35 55 12
11 55 22
36 55 21
13 55 50
110 55 15
3 55 58
22 55 12
106 55 14
173 55 18
47 55 11
4 55 17
113 55 16
26 55 32
87 55 16
6 55 17
107 136 64
49 136 12
96 136 25
5 136 22
4 136 127
145 136 8
119 136 10
99 136 6
17 136 61
38 136 28
133 136 15
132 136 13
158 136 14
28 136 21
142 136 8
43 136 9
31 181 15
83 181 18
4 181 17
1 181 148
38 181 32
128 181 16
9 181 119
28 181 24
20 181 13
11 181 22
107 181 69
24 181 33
177 181 13
18 181 37
69 181 10
154 16 163
185 16 19
67 16 33
32 16 15
20 16 19
38 16 67
43 16 10
35 16 11
71 16 28
66 16 21
23 16 9
52 16 41
86 16 34
11 16 20
70 16 9
22 16 11
126 16 9
63 16 15
24 16 73
17 16 95
191 16 32
9 16 40
92 16 11
37 16 65
31 16 13
103 16 9
6 16 143
13 16 54
4 16 38
179 16 13
14 16 15
1 16 56
15 16 29
127 16 8
18 16 42
30 16 50
3 16 131
79 16 10
12 16 21
101 16 14
51 16 37
45 16 27
49 16 4538
36 16 20
54 16 11
114 16 13
13 167 48
1 167 31
7 167 11
22 167 31
20 167 28
6 167 37
8 167 45
3 167 58
21 167 59
134 167 8
53 163 16
27 163 25
47 163 29
6 163 57
183 163 33
11 163 26
29 163 26
93 163 20
25 163 65
89 174 7
17 174 64
6 174 19
1 174 18
115 174 6
74 174 11
4 174 13
51 174 35
78 174 16
26 174 28
11 174 18
22 174 15
39 174 9
9 174 67
105 174 7
41 174 18
34 174 28
36 110 22
108 110 16
4 110 18
158 110 12
87 110 17
11 110 23
103 110 11
31 110 3595
81 110 12
1 110 23
135 9 22
177 9 20
13 9 47
28 9 31
24 9 37
164 9 18
6 9 25
14 9 24
51 9 46
126 9 19
71 9 135
22 9 24
113 9 23
108 9 22
67 9 42
131 9 42
26 9 41
43 9 20
149 9 19
11 9 29
187 9 17
191 9 34
117 9 21
96 9 35
195 9 22
45 9 66
15 9 87
101 9 21
87 9 24
35 9 24
34 9 41
184 9 16
3 9 60
29 9 36
39 9 24
69 9 17
197 9 16
142 9 20
179 9 43
49 9 23
78 9 62
103 9 18
31 9 22
86 9 43
17 9 100
132 9 23
41 9 40
27 9 179
99 9 21
185 9 23
105 9 29
92 9 20
157 9 25
25 9 115
154 9 20
119 9 21
70 9 18
120 9 21
12 9 43
66 9 30
89 9 18
18 9 51
123 9 18
1 9 29
37 9 27
107 9 74
36 9 44
93 9 23
79 9 20
143 9 32
52 9 63
110 9 2128
104 9 17
147 9 23
74 9 18
148 9 20
32 9 27
138 9 20
72 9 29
88 9 25
133 9 26
38 9 39
77 9 3764
76 9 17
116 9 60
20 9 26
54 9 20
4 9 24
23 9 18
128 9 17
63 9 24
106 9 15
122 89 14
4 89 13
1 89 29
34 89 29
33 89 10
30 89 39
6 89 17
66 89 19
22 89 11
20 89 16
11 89 19
13 89 36
31 89 11
14 89 13
59 89 7
24 89 126
32 89 130
15 89 27
26 89 29
3 89 57
51 29 46
3 29 90
34 29 40
183 29 17
47 29 24
182 29 16
53 29 50
27 29 49
20 29 26
54 29 20
25 29 57
65 29 41
100 29 19
41 29 38
35 29 20
1 29 29
6 29 30
13 29 93
22 29 50
102 29 23
149 29 19
115 29 17
24 29 186
89 29 18
109 29 16
18 29 44
17 29 72
93 29 29
57 29 18
11 29 30
154 29 39
187 29 20
42 44 10
3 44 60
20 44 23
180 44 8
91 44 28
65 44 58
149 44 24
109 44 58
75 44 12
41 44 13
82 44 7
81 44 12
87 44 13
102 44 11
51 44 35
6 44 24
39 44 34
95 44 5
70 44 23
17 44 61
46 44 6
1 44 33
76 44 6
195 44 57
25 44 49
22 13 52
65 13 57
180 13 37
32 13 62
25 13 74
125 13 35
129 13 59
120 13 38
37 13 52
90 13 35
18 13 62
78 13 79
3 13 148
6 13 45
94 13 36
70 13 36
38 13 113
36 13 46
144 13 34
26 13 57
149 13 45
133 13 43
52 13 62
75 13 41
69 13 34
176 13 34
59 13 36
14 13 41
166 13 39
105 13 46
193 13 36
66 13 48
106 13 32
74 13 51
109 13 41
31 13 40
60 13 36
39 13 98
1 13 71
143 13 50
12 13 48
23 13 36
117 13 38
190 13 41
24 13 55
116 13 44
88 13 43
51 13 139
15 13 107
30 13 61
92 13 38
111 13 34
43 13 37
195 13 46
20 13 38
67 13 60
4 13 72
28 13 49
122 13 39
80 13 64
11 13 81
65 47 6
11 47 19
3 47 61
13 47 36
18 47 64
49 47 12
93 47 12
41 47 13
6 47 23
181 47 5620
1 47 45
4 47 14
58 47 8
20 47 10
85 47 11
25 47 51
57 47 8
183 47 6
4 157 20
11 157 1186
19 157 29
36 157 24
139 157 14
63 157 19
2 157 18
131 157 25
26 157 35
138 157 15
118 157 18
51 157 42
1 157 24
54 157 16
31 157 18
140 157 27
89 64 14
34 64 36
30 64 86
6 64 31
71 64 26
4 64 20
1 64 35
69 64 16
19 64 30
153 64 25
9 64 33
11 64 26
62 64 73
12 64 70
55 64 25
20 64 55
60 64 70
162 64 14
14 64 20
36 64 25
22 64 53
52 64 37
13 64 51
21 64 59
23 64 15
18 64 41
3 64 56
149 64 16
113 64 26
51 64 49
117 64 17
24 64 97
67 64 58
45 64 81
106 64 25
47 64 15
48 64 92
10 64 85
41 64 43
17 64 95
115 64 13
138 92 11
52 92 32
1 92 20
15 92 29
133 92 16
23 92 9
34 92 31
54 92 2371
196 92 10
12 92 79
6 92 24
69 92 8
20 92 11
113 92 8
99 92 8
122 92 14
169 92 12
67 92 33
11 92 21
66 92 21
22 92 11
74 92 9
106 92 6
3 92 60
38 92 30
14 92 15
133 15 35
4 15 77
11 15 39
52 15 118
43 15 29
54 15 29
51 15 84
59 15 27
147 15 32
49 15 32
6 15 170
67 15 69
37 15 69
151 15 29
14 15 33
30 15 71
148 15 29
137 15 27
3 15 148
31 15 31
41 15 66
34 15 49
18 15 98
1 15 116
164 15 27
26 15 49
35 15 29
88 15 34
20 15 29
22 15 30
12 15 40
90 15 35
122 15 40
17 15 128
99 15 26
107 15 342
66 15 40
120 15 29
158 15 33
38 15 130
69 15 26
36 15 38
24 15 142
78 15 42
187 15 52
77 15 28
195 15 30
74 15 33
85 111 4
7 111 11
39 111 15
1 111 37
36 111 16
4 111 64
34 111 27
3 111 47
183 111 5
106 111 2
146 111 7
57 111 5
24 111 25
113 111 4
6 111 13
22 111 7
117 111 9
18 111 75
89 111 6
149 111 23
16 111 114
20 111 9
11 111 17
5 111 21
93 111 11
55 111 9
12 111 18
100 111 8
66 111 18
94 111 6
106 1 15
87 1 24
38 1 131
4 1 32
191 1 30
125 1 20
187 1 26
169 1 25
194 1 19
11 1 46
104 1 17
31 1 22
103 1 18
128 1 54
142 1 23
184 1 16
28 1 31
32 1 54
18 1 78
34 1 43
182 1 19
193 1 17
175 1 19
37 1 37
173 1 29
170 1 42
36 1 29
30 1 32
133 1 25
127 1 17
121 1 102
81 1 28
135 1 26
86 1 43
26 1 60
109 1 18
67 1 53
131 1 29
77 1 21
107 1 74
3 1 109
190 1 20
71 1 32
130 1 18
51 1 46
41 1 49
105 1 18
101 1 24
52 1 41
75 1 23
198 1 34
45 1 39
22 1 20
53 1 52
74 1 33
39 1 20
69 1 17
102 1 50
76 1 18
151 1 19
126 1 19
35 1 19
14 1 24
6 1 44
147 1 24
54 1 20
120 1 20
124 1 24
200 1 32
134 1 19
59 1 17
96 1 35
154 1 30
156 1 16
117 1 21
23 1 18
24 1 84
114 1 27
72 1 120
25 1 56
148 1 20
88 1 26
189 1 19
195 1 40
70 1 18
98 1 97
79 1 20
159 1 24
65 1 25
179 1 56
185 1 30
20 1 21
149 1 25
119 1 67
163 1 1299
197 1 19
129 1 27
17 1 109
84 1 26
80 1 26
155 1 30
141 1 17
113 1 115
78 1 27
122 1 26
68 1 19
43 1 19
63 1 24
192 1 24
66 1 30
12 1 30
57 1 37
138 1 22
145 1 18
139 1 18
143 1 32
49 1 39
116 1 26
40 1 21
88 17 68
52 17 84
12 17 73
133 17 68
92 17 63
20 17 65
38 17 170
32 17 67
157 17 2154
67 17 98
28 17 97
34 17 82
117 17 64
99 17 85
3 17 160
115 17 60
30 17 158
4 17 139
79 17 63
23 17 61
96 17 78
145 17 61
97 17 60
179 17 66
63 17 67
39 17 68
111 17 59
6 17 280
120 17 63
35 17 63
106 17 58
25 17 119
22 17 70
177 17 63
72 17 72
86 17 86
142 17 61
45 17 68
24 17 172
11 17 72
149 17 73
66 17 73
27 17 99
128 17 61
13 17 90
51 17 180
43 17 76
54 17 63
107 17 4555
192 17 90
41 17 67
31 17 65
37 17 159
18 17 87
14 17 67
108 17 1619
114 17 2023
123 17 2083
70 17 85
36 17 71
71 17 88
133 3 61
14 3 54
195 3 60
179 3 52
42 3 68
52 3 72
12 3 61
39 3 51
106 3 46
107 3 104
40 3 51
109 3 56
23 3 49
54 3 51
41 3 54
51 3 77
70 3 49
172 3 51
6 3 72
20 3 51
146 3 2127
57 3 49
103 3 48
185 3 53
135 3 55
76 3 52
53 3 75
72 3 111
37 3 60
22 3 51
45 3 112
142 3 49
175 3 50
145 3 49
84 3 53
99 3 47
102 3 67
125 3 57
156 3 47
183 3 59
71 3 110
174 3 2526
189 3 50
148 3 50
112 3 57
49 3 53
24 3 142
56 3 54
154 3 52
150 3 59
78 3 69
67 3 82
43 3 50
101 3 52
69 3 47
11 3 60
30 3 78
4 3 105
65 3 89
128 3 57
177 3 1960
182 3 47
116 3 57
91 3 66
87 3 65
141 3 48
28 3 62
170 3 63
187 3 59
161 3 49
147 3 58
35 3 55
18 3 78
86 3 74
31 3 53
75 3 54
74 3 60
26 3 79
104 3 48
131 3 60
105 3 52
36 3 59
38 3 151
81 3 100
25 3 137
119 3 51
66 3 61
120 3 51
32 3 115
79 3 51
98 3 74
59 3 50
88 3 56
123 37 17
159 37 14
52 37 40
23 37 17
22 37 18
72 37 2249
47 37 94
70 37 17
74 37 16
18 37 43
81 37 17
28 37 30
73 37 18
79 37 23
31 37 50
161 37 16
45 37 37
78 37 22
11 37 28
66 37 29
4 37 27
198 37 19
142 37 17
54 37 18
114 37 17
190 37 14
30 37 31
156 37 14
24 37 81
6 37 34
191 37 44
12 37 29
14 37 22
20 37 19
36 37 27
69 37 15
67 37 41
38 37 37
33 37 77
35 37 18
34 49 34
148 49 14
126 49 12
12 49 134
31 49 16
96 49 29
48 49 15
69 49 98
10 49 151
54 49 14
4 49 112
11 49 112
86 49 37
62 49 105
70 49 12
66 49 24
7 49 147
17 49 74
38 49 40
43 49 33
28 49 25
24 49 32
23 49 12
63 49 19
133 49 19
29 66 30
4 66 26
52 66 43
11 66 143
22 66 21
12 66 32
67 66 44
30 66 34
18 66 46
54 66 22
51 66 48
133 66 32
23 66 20
28 66 33
87 66 226
102 66 24
32 66 26
25 66 58
123 66 20
71 66 31
6 66 194
177 66 21
38 66 40
39 66 23
103 66 19
88 66 27
70 66 20
74 66 19
31 66 23
131 66 31
86 66 44
14 66 25
192 66 26
24 66 39
63 66 25
119 66 22
96 66 37
20 66 22
43 66 21
120 66 21
35 66 21
6 131 231
10 131 204
31 131 22
43 131 20
13 131 213
36 131 29
11 131 30
17 131 85
5 131 33
23 131 19
70 131 19
51 131 47
18 131 126
20 131 21
14 131 24
150 131 34
30 131 170
172 131 18
15 131 38
16 131 139
12 131 31
189 131 19
4 131 24
24 131 223
86 12 44
31 12 23
71 12 31
43 12 21
34 12 41
22 12 21
63 12 25
30 12 34
4 12 26
39 12 22
6 12 26
45 12 55
54 12 22
14 12 28
35 12 21
51 12 47
32 12 26
159 12 17
11 12 35
96 12 37
79 12 21
38 12 40
103 12 19
24 12 39
52 12 43
18 12 48
177 12 21
133 12 27
81 12 20
114 12 20
123 12 20
139 12 20
23 12 20
70 12 4644
36 88 25
67 88 38
30 88 48
4 88 20
71 88 31
31 88 6037
6 88 30
34 88 36
48 88 16
39 88 17
51 88 43
166 88 17
16 88 51
20 88 73
191 88 26
35 88 16
55 88 18
22 88 16
52 88 38
23 88 14
69 88 13
14 88 21
96 88 32
64 88 206
28 88 28
24 88 34
18 88 40
11 88 25
38 88 76
70 88 15
86 88 39
32 88 21
45 88 22
12 88 58
41 88 20
36 45 25
6 45 25
31 45 18
24 45 43
63 45 20
86 45 69
179 45 17
54 45 2432
28 45 28
147 45 20
148 45 16
96 45 32
23 45 15
18 45 40
69 45 13
11 45 26
38 45 41
41 45 22
7 45 21
14 45 20
39 45 17
79 45 16
160 45 14
4 45 57
82 45 14
43 45 16
74 45 14
32 45 20
35 45 16
22 148 11
69 148 8
34 148 31
14 148 15
113 148 8
86 148 34
28 148 32
30 148 23
188 148 11
4 148 15
169 148 12
41 148 35
23 148 9
12 148 61
24 148 604
6 148 33
11 148 21
20 148 12
28 99 19
34 99 27
23 99 6
12 99 18
24 99 25
96 99 25
116 99 22
63 99 12
20 99 323
30 99 246
16 99 237
5 99 131
38 99 27
18 99 31
2 99 11
21 99 340
71 99 17
72 99 17
133 24 34
41 24 38
28 24 44
157 24 381
115 24 26
149 24 35
69 24 26
135 24 31
96 24 44
4 24 33
23 24 27
30 24 80
39 24 31
22 24 35
34 24 49
120 24 29
67 24 86
179 24 30
116 24 35
11 24 38
119 24 29
43 24 28
79 24 29
5 24 42
74 24 26
35 24 29
142 24 47
14 24 33
103 24 26
147 24 32
177 24 29
86 24 51
6 24 34
159 24 25
54 24 29
102 24 31
92 24 29
107 24 144
26 24 53
38 24 47
117 24 30
32 24 43
123 24 27
18 24 53
78 24 33
31 24 31
12 142 111
71 142 215
107 142 63
15 142 33
39 142 211
48 142 10
5 142 22
34 142 29
20 142 10
22 142 296
120 142 10
162 142 7
51 142 36
2 142 12
21 142 387
63 142 13
96 142 25
10 142 19
11 142 19
69 142 6
192 142 17
56 142 13
13 142 36
19 142 23
30 142 285
4 142 13
83 142 15
28 142 21
18 142 34
14 142 13
43 142 9
36 142 18
117 142 10
38 142 28
20 108 13
38 108 32
2 108 146
70 108 11
103 108 11
11 108 23
54 108 13
1 108 1537
4 108 17
133 108 18
61 108 11
73 108 13
19 108 291
16 108 194
62 103 82
158 103 8
52 103 30
96 103 24
38 103 27
17 103 167
70 103 7
97 103 5372
14 103 12
63 103 12
35 103 9
56 103 12
11 103 18
31 103 2759
4 103 13
15 103 87
43 103 8
166 103 10
30 103 6324
49 103 1604
54 103 9
45 103 14
86 103 31
120 103 9
5 103 22
23 103 7
32 103 118
10 103 19
133 103 14
28 103 20
69 103 5
18 103 33
19 103 73
96 119 57
18 119 36
4 119 16
70 119 10
72 119 59
43 119 11
11 119 21
31 119 14
54 119 1599
38 119 59
192 119 16
31 198 14
96 198 43
9 198 29
38 198 31
48 198 12
120 198 43
107 198 66
7 198 15
24 198 31
28 198 30
11 198 22
18 198 74
192 198 16
17 198 113
142 198 14
51 198 38
140 43 159
14 43 14
123 43 9
22 43 75
4 43 15
198 43 117
70 43 9
25 43 75
47 43 9
34 43 30
23 43 9
96 43 26
164 43 8
162 43 9
20 43 11
67 43 33
42 43 63
39 43 146
28 43 22
11 43 77
30 43 23
32 43 15
128 43 8
108 43 12
69 43 7
81 43 9
71 43 57
63 43 14
120 43 11
86 43 34
54 43 11
31 43 13
38 43 29
52 43 32
99 43 7
105 43 156
133 43 16
37 192 119
48 192 16
23 192 13
83 192 20
22 192 18
8 192 23
45 192 20
69 192 12
5 192 128
38 192 34
15 192 231
4 192 19
20 192 157
157 192 20
18 192 40
11 192 25
24 192 33
96 192 31
9 192 123
28 192 26
67 192 37
7 192 32
12 192 131
3 192 150
158 192 14
6 192 171
120 192 28
19 192 41
99 192 12
11 128 18
69 128 6
136 128 20
4 128 13
10 128 172
107 128 110
35 128 11
28 128 21
132 128 14
38 133 35
63 133 20
70 133 15
25 133 53
11 133 26
4 133 21
16 133 3300
31 133 19
54 133 17
35 133 17
28 133 28
81 133 15
67 133 379
52 133 38
18 133 41
30 133 29
51 133 43
39 133 17
96 133 32
14 133 20
114 133 218
20 105 11
17 105 2262
35 105 9
36 105 18
34 105 29
31 105 11
6 105 23
175 105 8
147 105 12
15 105 53
22 105 14
24 105 27
38 105 174
4 105 13
14 105 13
11 105 19
10 105 18
47 105 7
74 105 7
23 105 7
107 105 6077
70 105 7
54 105 9
82 105 3965
52 78 35
20 78 18
115 78 12
87 78 18
113 78 33
71 78 48
17 78 66
119 78 15
14 78 18
31 78 16
39 78 23
97 78 11
12 78 76
34 78 34
6 78 49
154 78 22
30 78 52
11 78 24
106 78 33
16 78 68
22 78 19
67 78 40
86 78 37
117 78 15
72 78 28
18 78 39
23 78 13
82 78 35
4 78 19
55 78 19
176 78 11
65 146 7
41 146 77
17 146 62
47 146 73
57 146 9
11 146 2634
87 146 14
54 146 10
31 146 12
6 146 53
25 146 113
20 169 17
26 169 32
6 169 21
35 169 11
22 169 19
15 169 30
11 169 21
3 169 51
67 169 34
14 169 22
41 169 16
18 169 36
25 22 55
53 22 27
6 22 25
27 22 14
60 22 13
193 22 30
21 22 41
26 22 30
34 22 31
183 22 14
35 22 13
65 22 118
59 22 33
73 22 11
74 22 9
18 22 35
63 22 15
72 22 20
40 22 16
4 22 15
186 22 11
38 22 30
11 22 49
80 22 12
71 22 20
54 22 11
188 22 11
104 22 45
98 22 25
102 22 13
23 22 9
36 22 20
197 22 10
41 22 50
147 22 14
94 22 8
138 22 11
149 22 14
122 22 17
155 22 26
51 22 53
57 22 36
109 22 55
135 22 13
84 22 14
39 22 21
117 22 12
116 22 17
97 22 8
67 22 33
151 22 10
52 22 32
20 22 11
14 22 15
96 22 26
134 164 7
20 164 40
193 164 6
1 164 21
36 164 17
3 164 52
143 164 20
2 164 11
71 164 129
31 164 11
26 164 31
6 164 26
12 164 150
75 164 12
18 164 41
33 164 9
38 67 106
32 67 37
173 67 39
51 67 60
14 67 36
118 67 66
30 67 45
11 67 43
54 67 33
77 67 32
31 67 35
12 67 45
6 67 38
4 67 44
74 67 32
52 67 66
36 67 132
18 67 63
26 67 54
39 93 14
85 93 11
6 93 19
58 93 13
27 93 17
102 93 16
13 93 41
87 93 18
22 93 16
65 93 11
100 93 11
20 93 52
55 93 15
11 104 18
134 104 6
13 104 35
75 104 11
5 104 34
164 104 6
167 104 53
42 104 387
129 104 16
121 104 61
6 104 13
26 104 28
34 104 28
130 104 6
31 77 12
94 77 6
125 77 7
20 77 11
68 77 9
11 77 19
2 77 44
21 77 53
19 77 23
180 77 9
137 77 7
90 77 7
3 77 66
9 127 17
11 127 18
195 127 9
4 127 12
14 127 11
159 127 5
84 11 23
153 11 2323
25 11 57
86 11 44
107 11 75
186 11 19
72 11 29
41 11 24
151 11 20
30 11 53
123 11 19
63 11 24
150 11 29
135 11 23
170 11 23
177 11 20
159 11 17
126 11 19
183 11 2341
54 11 21
31 11 23
39 11 21
6 11 159
130 11 2262
35 11 21
14 11 24
65 11 18
120 11 21
4 11 25
18 11 45
178 11 2325
121 11 1208
80 11 22
91 11 25
74 11 19
53 11 20
122 11 21
23 11 18
69 11 22
87 11 24
187 11 2408
32 11 25
129 11 28
44 11 2144
26 11 40
51 11 47
38 11 39
175 11 20
40 11 21
134 11 19
139 11 19
70 11 19
200 11 26
28 11 32
156 11 2430
36 11 29
191 11 31
90 11 2269
173 11 26
143 11 33
96 11 36
194 11 19
124 11 25
152 11 2512
114 11 20
27 11 24
179 11 22
79 11 21
52 11 42
75 11 24
160 11 19
42 11 2595
71 11 30
34 11 40
68 11 20
128 31 2229
194 31 5113
14 31 17
40 31 2633
23 31 11
68 31 4706
195 31 14
30 31 25
74 31 11
4 31 17
32 31 17
136 31 7514
177 31 13
170 31 15
117 31 14
41 31 17
64 31 18
51 31 39
82 31 11
71 31 22
156 31 4691
28 31 24
79 31 13
52 31 34
90 31 10
108 31 1808
63 31 17
129 31 20
160 31 2260
70 31 11
38 31 32
114 31 2446
178 31 16
75 31 16
109 31 10
84 31 16
26 31 4512
54 31 13
25 31 50
175 31 12
42 31 116
200 31 19
72 31 22
18 31 37
120 31 14
191 31 2229
174 31 11
149 31 12
150 31 4919
20 18 35
27 18 121
178 18 38
107 18 347
68 18 37
32 18 50
153 18 121
132 18 39
81 18 34
26 18 55
72 18 56
25 18 122
106 18 2688
6 18 54
112 18 37
71 18 45
52 18 81
28 18 47
90 18 38
113 18 31
54 18 35
80 18 37
34 18 55
30 18 58
120 18 36
23 18 33
188 18 46
100 18 41
175 18 34
4 18 39
150 18 43
151 18 41
123 18 56
51 18 62
35 18 50
38 18 54
14 18 39
195 18 38
59 18 33
36 18 44
123 14 13
39 14 16
152 14 16
63 14 19
69 14 12
54 14 15
6 14 21
36 14 23
4 14 19
20 14 15
51 14 41
107 14 322
185 14 17
26 14 35
52 14 36
28 14 26
41 14 50
79 14 15
71 14 24
25 14 51
87 14 19
173 14 21
147 14 18
158 14 14
80 14 16
178 14 33
55 14 83
86 14 38
23 14 13
38 14 33
102 14 20
177 14 15
30 14 41
116 14 22
97 14 12
141 14 13
149 14 19
135 14 17
35 14 14
191 14 25
34 14 34
20 170 14
30 170 74
19 170 27
24 170 55
9 170 45
52 170 34
189 170 12
21 170 183
51 170 46
10 170 23
4 170 32
22 170 93
16 170 76
12 170 24
28 170 44
5 170 60
17 170 90
23 170 11
7 170 38
18 170 37
24 101 30
32 101 18
34 101 32
99 101 106
2 101 15
28 101 24
18 101 37
4 101 17
14 101 16
36 101 21
62 101 26
23 101 15
10 101 22
5 101 68
51 101 130
12 101 23
69 101 9
6 101 17
71 101 22
13 101 39
38 101 99
73 101 12
55 101 14
15 101 169
22 101 13
151 101 180
70 123 8
26 123 29
19 123 29
36 123 18
6 123 51
45 123 532
86 123 32
23 123 8
39 123 10
69 123 6
15 123 37
48 123 10
31 123 11
4 123 14
82 123 7
3 193 69
20 193 29
34 193 29
21 193 61
7 193 116
6 193 38
54 193 9
75 193 12
18 193 33
121 193 61
9 193 18
167 193 4
134 193 7
183 20 11
182 20 13
48 20 87
36 20 20
187 20 25
12 20 22
112 20 13
151 20 41
124 20 31
51 20 47
149 20 16
42 20 38
4 20 22
114 20 2053
117 20 12
6 20 39
109 20 14
196 20 11
54 20 11
21 20 46
76 20 31
100 20 42
26 20 32
73 20 11
11 20 21
25 20 57
122 20 12
40 20 12
32 20 109
71 20 93
38 20 185
96 20 27
84 20 13
53 20 18
121 20 64
34 20 31
52 20 33
41 20 20
91 20 25
116 20 17
106 20 6
65 20 45
59 20 15
147 20 14
35 20 12
102 20 21
24 20 105
75 20 14
57 20 15
23 20 10
98 20 32
74 20 9
39 20 30
195 20 26
62 20 108
94 68 10
54 68 1042
20 68 10
90 68 8
111 68 18
125 68 7
186 68 8
67 68 213
2 68 48
15 68 32
34 68 30
137 68 8
180 68 14
22 68 10
26 68 35
95 68 5
3 68 49
34 194 30
24 194 74
9 194 40
144 194 13
2 194 13
74 194 9
22 194 9
15 194 30
23 194 8
6 194 20
12 194 69
4 194 14
14 194 30
3 194 52
16 194 178
92 194 10
21 194 42
20 194 15
32 51 104
69 51 34
99 51 34
6 51 165
38 51 56
120 51 38
70 51 36
54 51 38
23 51 36
86 51 60
35 51 37
195 51 41
74 51 72
27 51 4591
92 51 37
55 51 39
34 51 57
116 51 43
83 51 43
154 51 73
43 51 37
28 51 49
30 51 114
36 51 46
52 51 69
72 51 46
26 51 57
4 51 62
23 74 7
17 74 61
52 74 39
97 74 6
80 74 14
116 74 15
71 74 19
6 74 24
12 74 66
147 74 12
14 74 13
32 74 13
34 74 29
54 74 9
176 74 6
30 74 38
18 70 1998
46 70 8
150 70 1856
28 70 21
75 70 12
23 70 8
81 70 10
115 70 2142
67 70 78
91 70 15
42 70 10
33 70 4854
30 70 22
114 70 8
168 70 1989
6 70 29
72 70 18
63 70 13
20 70 10
126 70 1601
76 70 8
24 70 222
14 70 13
21 70 67
73 70 9
22 70 9
56 70 13
15 70 28
112 70 7
4 70 14
54 70 14
10 70 19
89 81 8
54 81 10
154 81 24
42 81 11
46 81 7
83 81 1329
159 81 9685
53 81 44
114 81 1710
41 81 13
6 81 26
72 81 1545
76 81 10
11 81 2717
17 53 62
34 53 30
47 53 59
98 53 23
41 53 33
85 53 7
27 53 40
25 53 47
187 53 23
2 53 25
6 53 45
100 53 8
19 53 24
54 53 11
13 53 37
109 53 7
16 184 7
22 184 42
82 184 5
5 184 20
115 184 4
89 184 21
50 184 10
149 184 6
14 184 12
105 184 5
39 184 7
20 184 7
3 184 47
34 184 27
6 184 13
17 184 59
8 184 14
21 184 86
36 35 31
188 35 12
113 35 8
69 35 7
96 35 26
6 35 99
166 35 12
10 35 21
57 35 65
135 35 13
106 35 6
114 35 10
87 35 96
191 35 115
86 35 34
82 35 32
71 35 72
147 35 14
23 35 9
52 35 66
27 35 181
30 35 23
161 35 9
4 35 15
38 35 32
179 35 13
151 35 10
47 35 9
54 35 11
28 35 22
162 35 9
32 35 18
121 35 64
38 4 34
21 4 52
189 4 14
114 4 14
30 4 41
117 4 31
69 4 12
156 4 2419
96 4 31
151 4 15
92 4 15
106 4 37
59 4 4824
6 4 94
86 4 39
75 4 18
113 4 35
53 4 2170
200 4 39
87 4 110
23 4 13
54 4 15
120 4 106
79 4 15
153 4 42
109 4 176
144 4 14
74 4 2091
190 4 12
25 4 52
154 4 15
28 4 26
77 4 2237
72 4 24
139 4 14
52 4 70
41 4 1499
26 4 35
36 4 24
71 4 24
155 4 5061
198 4 2136
40 4 83
63 4 19
171 4 15
177 4 15
84 4 18
32 4 22
27 4 161
191 4 25
159 4 11
23 32 14
81 32 14
69 32 12
63 32 19
142 32 6079
71 32 42
6 32 55
86 32 38
114 32 14
133 32 21
70 79 9
48 79 5737
28 79 34
15 79 170
35 79 93
86 79 34
69 79 8
54 79 11
23 79 9
96 79 563
6 79 57
30 79 25
54 38 30
6 38 250
32 38 34
28 38 41
89 38 28
71 38 39
166 38 31
52 38 133
120 38 30
23 38 28
107 38 99
34 38 49
86 38 52
39 38 31
70 38 28
63 38 34
96 38 45
36 38 38
158 38 30
69 38 28
72 38 38
110 38 32
78 107 69
5 107 78
13 107 92
133 107 71
69 107 62
12 107 76
28 107 76
177 107 65
28 158 22
83 158 15
73 158 10
116 158 16
34 158 30
8 158 18
96 158 26
24 158 28
145 158 8
28 177 22
69 177 8
23 177 9
6 177 16
173 177 17
8 177 174
1 177 20
39 177 11
54 177 11
36 177 19
10 71 30
63 71 24
8 71 40
6 71 137
24 71 38
54 71 20
147 71 24
23 71 19
30 71 55
81 71 19
179 71 48
36 71 29
52 71 42
28 71 32
51 71 4379
114 71 37
86 71 44
45 71 26
69 71 18
139 71 35
179 30 44
9 30 47
86 30 46
21 30 179
114 30 40
52 30 49
23 30 21
7 30 5618
54 30 23
28 150 31
13 150 135
17 150 104
30 150 192
14 150 23
15 150 50
51 150 73
22 150 207
2 150 89
21 150 262
4 150 24
20 150 20
5 150 110
172 150 17
47 80 10
23 80 11
12 80 23
97 80 9
29 80 21
149 80 12
144 80 9
20 80 56
3 80 63
86 80 35
4 80 16
9 80 25
183 80 9
122 80 13
60 80 61
67 80 34
55 80 14
17 80 66
69 80 17
28 80 24
36 80 21
6 80 26
39 80 13
98 80 30
26 80 32
78 40 17
50 40 24
9 40 21
144 40 9
21 40 57
13 40 48
97 40 9
92 40 31
17 40 2277
2 40 15
106 40 30
113 40 32
37 40 19
15 40 37
24 40 81
14 40 16
6 40 37
67 40 62
54 40 12
34 40 32
22 199 40
8 199 16
1 199 17
29 199 30
5 199 21
35 199 8
21 199 38
11 199 17
188 199 8
6 199 13
14 199 11
197 199 3
39 199 9
50 199 11
34 199 28
3 199 97
9 199 17
17 98 111
25 98 59
29 98 32
41 98 27
6 98 49
93 98 26
115 98 20
19 98 67
16 98 23
27 98 27
106 98 18
32 98 28
183 98 20
39 98 25
36 98 32
47 98 46
34 98 43
11 98 33
97 41 12
106 41 25
12 41 69
93 41 22
23 41 13
46 41 14
154 41 33
182 41 11
42 41 16
65 41 12
34 41 35
109 41 12
57 41 14
89 41 91
27 41 31
6 41 20
187 41 12
183 41 11
100 41 21
112 41 20
70 41 2261
39 41 19
113 41 26
91 41 21
75 195 15
6 195 32
36 195 21
11 195 22
26 195 35
4 195 19
8 195 25
102 187 11
6 187 107
27 187 24
100 187 11
183 187 5
31 187 10
106 187 12
33 187 9
17 187 96
16 187 123
21 187 118
57 187 6
8 187 16
25 187 45
182 187 4
93 187 11
21 151 57
34 151 30
39 151 54
44 151 49
144 151 30
6 151 17
11 188 21
3 188 58
10 188 147
13 188 39
21 188 51
70 188 10
5 188 49
34 188 31
1 188 20
27 188 181
20 188 59
36 188 20
47 188 10
105 188 14
39 188 12
85 65 5
9 65 20
117 65 9
55 65 26
182 65 14
25 65 45
53 65 20
15 65 53
4 65 12
32 65 155
163 65 14
36 65 17
14 65 12
34 65 28
38 65 183
39 65 44
89 65 6
24 65 26
30 65 141
73 65 8
35 65 8
26 65 28
58 65 8
75 65 11
17 65 250
16 65 195
149 65 27
6 65 19
6 180 32
87 180 14
6 95 15
3 95 46
111 95 2
125 95 3
5 95 19
180 95 5
13 95 40
20 95 9
26 95 26
90 95 3
77 95 6
94 95 3
1 95 14
21 95 36
145 106 4
183 106 3
29 106 15
6 106 10
22 106 16
102 106 8
26 106 26
10 106 15
25 106 43
148 106 6
21 106 36
113 106 2
22 134 34
121 134 62
20 134 25
8 134 31
16 134 10
34 134 29
6 134 25
54 134 10
13 134 59
33 134 10
9 134 19
21 134 56
115 134 7
3 134 63
35 134 10
143 134 21
5 134 28
36 57 18
34 57 29
44 57 57
5 57 22
27 57 13
149 57 9
12 57 20
183 57 6
38 57 210
13 57 36
93 57 12
6 57 22
25 57 46
112 57 88
30 57 138
21 100 38
47 100 7
27 100 15
57 100 9
25 100 45
19 100 58
109 100 4
6 100 17
85 100 5
65 100 6
4 100 12
192 54 15
88 54 2110
57 54 1911
42 54 12
163 54 5076
78 54 1745
13 54 1859
174 54 2056
28 54 22
33 54 2034
121 54 64
152 54 1509
168 54 2024
26 54 31
32 54 1717
90 54 9
64 54 1978
23 54 9
76 54 11
123 54 2028
41 54 15
115 54 2140
39 54 2888
86 54 1904
114 54 10
25 54 2043
72 54 6446
131 54 20
139 54 10
63 54 15
166 54 2107
75 54 14
52 54 33
200 54 17
2 129 21
26 129 38
36 129 27
44 129 16
20 129 67
3 129 74
6 129 56
57 129 105
87 129 22
25 129 78
65 129 34
39 129 68
149 129 74
35 129 18
92 129 18
195 129 20
15 129 36
130 129 18
164 129 34
75 129 21
143 129 30
27 122 198
39 122 21
17 122 63
146 122 11
34 122 32
4 122 16
8 122 24
29 122 20
102 122 14
14 122 16
70 122 10
112 122 49
47 122 12
31 122 2606
97 122 9
117 122 13
25 122 48
35 122 12
6 122 27
59 122 9
55 122 13
44 122 9
115 26 28
23 26 29
149 26 29
8 26 38
17 26 83
59 26 29
130 26 29
75 26 34
117 26 31
138 26 31
10 26 41
97 26 28
70 26 29
7 26 5651
6 26 58
122 26 34
82 26 29
113 26 28
35 26 31
176 26 28
118 26 35
49 6 2493
36 6 25
42 6 32
30 6 126
109 6 40
85 6 13
39 6 30
23 6 14
34 6 36
25 6 77
154 6 16
91 6 29
28 6 27
182 6 37
46 6 14
27 6 58
176 6 13
112 6 36
149 6 15
183 6 23
113 6 13
86 6 39
20 143 24
19 143 37
29 143 32
121 143 76
104 143 20
49 143 26
6 143 33
39 84 14
6 84 69
13 84 42
27 84 17
30 84 34
25 84 165
36 84 22
54 84 2403
15 84 32
34 84 33
175 84 13
34 120 55
135 120 31
99 120 36
14 120 21
2 120 14
96 120 26
28 120 23
145 120 10
64 63 382
28 63 26
6 63 224
34 63 34
39 63 15
102 63 17
5 63 28
50 63 18
29 63 126
36 63 23
86 63 38
117 63 16
126 63 13
55 63 16
69 63 12
96 63 30
67 63 342
51 63 2807
7 72 287
34 72 40
2 72 139
28 72 82
24 72 38
153 72 402
129 72 1848
10 72 30
6 72 249
13 72 187
69 96 23
28 96 38
6 96 31
82 96 24
55 96 28
47 96 24
29 96 45
23 96 24
34 96 46
31 96 28
30 28 63
12 28 33
23 28 21
32 28 26
132 28 38
86 28 45
15 28 170
74 28 5550
69 28 19
179 28 45
126 28 28
39 28 31
34 28 42
159 28 5858
16 28 202
110 28 24
20 28 23
36 28 31
105 28 6326
22 28 22
147 28 26
50 178 17
79 178 13
28 178 25
20 178 14
48 178 14
71 178 56
15 178 126
191 178 23
1 178 63
192 178 81
19 178 58
60 178 48
24 178 37
36 178 22
17 178 109
120 178 33
5 178 124
45 178 19
52 178 35
35 178 14
12 178 24
2 178 55
21 178 43
43 178 13
96 178 29
62 178 47
142 178 15
185 178 16
23 178 29
9 178 70
22 178 91
69 178 51
38 178 55
86 178 36
32 178 46
4 178 18
128 178 11
63 178 17
99 178 39
13 178 48
56 178 17
3 178 90
177 178 13
114 178 35
52 189 37
70 189 9
172 189 8
11 189 2579
8 189 18
19 139 23
7 139 13
70 139 8
17 139 61
31 139 12
2 159 10
5 159 20
190 159 4
36 159 16
16 159 7
3 159 49
10 159 18
8 159 15
7 159 11
173 185 19
161 185 12
117 185 15
36 185 22
86 185 40
23 185 12
69 86 31
47 86 134
23 86 32
145 86 33
114 86 34
36 86 43
96 86 49
116 86 40
10 36 30
66 36 30
23 36 18
173 36 25
69 36 16
87 36 24
130 75 16
36 75 23
6 75 30
24 75 32
15 25 197
8 25 124
34 25 67
23 25 46
16 25 224
28 25 59
41 25 57
71 25 62
30 25 223
27 25 51
56 25 51
10 25 204
12 25 58
7 25 51
24 25 369
182 25 43
196 25 47
183 25 62
20 90 15
125 90 8
1 90 17
4 90 13
3 90 50
94 90 5
137 90 5
186 90 7
6 90 20
7 90 117
65 138 58
69 138 8
39 138 25
6 138 32
97 138 8
34 138 31
15 138 29
20 138 58
5 138 31
51 138 55
13 138 43
19 138 30
18 138 39
33 138 22
76 154 8
30 154 171
15 154 51
91 154 15
44 154 30
5 154 24
46 154 17
11 154 2703
42 154 12
175 52 33
200 52 38
70 52 31
6 52 160
23 52 31
8 125 16
48 125 9
10 125 18
6 125 30
4 125 12
36 125 17
15 125 26
7 125 150
111 125 4
26 125 28
16 125 131
94 125 4
34 125 28
20 125 9
5 125 32
2 125 11
71 125 149
24 125 199
30 125 127
18 125 36
22 125 8
23 125 177
191 147 25
82 147 12
11 147 24
141 147 14
177 147 14
23 147 12
10 147 25
115 147 11
5 147 27
12 147 24
39 147 32
69 147 11
6 147 101
86 147 38
97 147 11
29 147 23
16 147 59
30 147 26
13 155 47
19 155 30
14 155 20
144 155 13
24 155 42
97 155 13
51 155 42
36 155 25
6 155 23
9 155 55
11 155 26
35 155 16
115 155 13
39 155 108
196 155 21
12 155 68
60 155 26
185 155 19
20 155 22
34 155 36
28 155 119
15 155 34
21 155 53
5 155 29
44 155 41
3 155 59
33 155 23
47 155 14
6 59 21
98 59 24
9 59 17
12 59 19
169 59 14
144 59 6
70 59 7
16 59 162
117 59 10
55 59 33
47 59 7
36 59 18
106 59 23
11 59 18
54 59 9
35 59 9
33 59 17
180 59 8
97 59 6
113 59 22
39 59 9
34 59 29
176 59 6
42 112 29
91 112 21
46 112 22
39 112 54
117 112 9
75 112 12
13 112 47
44 112 15
76 112 134
30 149 106
23 149 8
27 149 183
89 149 44
39 149 11
11 149 19
34 149 30
115 149 7
55 149 12
3 160 49
34 160 29
14 160 41
12 160 19
23 160 7
4 160 13
39 160 9
153 160 9
24 160 27
13 160 36
21 160 45
9 160 18
17 160 61
37 160 17
177 160 9
28 160 20
19 160 23
32 160 13
166 160 10
22 160 9
41 160 13
82 160 35
69 160 88
60 160 7
6 160 15
162 160 7
36 160 18
1 160 18
7 190 11
5 190 116
16 190 7
3 190 50
15 190 118
12 190 36
30 124 131
14 124 24
6 124 100
107 124 162
4 124 27
74 124 21
118 124 17
24 124 35
66 124 26
145 124 14
91 124 125
81 124 118
152 124 37
48 124 136
123 124 14
22 124 16
191 124 38
122 124 72
115 124 13
86 124 39
176 124 12
52 124 37
105 124 19
36 124 26
8 124 25
3 124 91
114 124 76
21 124 95
97 124 13
161 124 14
112 124 23
185 124 22
89 124 17
149 124 58
44 124 32
174 124 46
25 124 142
42 124 161
99 124 23
75 124 19
73 124 16
32 124 103
69 124 32
56 124 19
17 124 227
13 124 96
71 124 82
19 124 32
9 124 25
12 124 46
55 124 29
136 124 121
169 124 63
38 124 63
23 124 60
177 124 15
15 124 121
63 124 19
166 124 59
28 124 27
51 124 42
60 124 43
93 124 116
62 124 67
82 124 138
16 124 38
67 124 37
41 124 60
85 124 12
76 124 27
96 124 31
167 124 10
31 171 13
23 171 14
5 171 92
22 171 19
14 171 15
45 171 27
60 171 9
11 171 20
12 171 30
21 171 74
1 171 41
9 171 29
69 171 29
69 34 27
115 34 28
30 34 133
145 34 29
70 34 29
54 34 31
5 34 114
4 34 34
32 34 35
3 34 127
86 34 53
27 34 34
23 34 29
16 34 169
110 34 33
39 34 31
117 34 32
36 34 39
5 175 24
80 175 12
169 175 11
139 175 9
21 175 103
6 175 33
74 175 8
65 175 63
23 175 8
70 175 781
17 175 62
67 175 32
115 175 7
72 175 845
22 175 54
60 175 8
193 175 9
92 175 10
39 175 11
54 175 1409
82 175 15
29 175 19
41 175 26
27 175 36
69 175 50
14 175 61
89 175 69
12 175 58
20 175 28
76 46 11
35 46 8
42 46 10
91 46 14
77 186 8
122 186 5558
180 186 8
34 186 29
21 186 87
55 186 11
20 186 23
111 186 7
125 186 6
1 186 20
18 186 33
95 186 4
149 186 43
94 186 6
39 186 47
137 186 47
26 186 29
6 186 33
1 172 18
51 172 46
67 172 52
34 126 29
4 126 14
43 126 9
54 126 10
83 126 36
17 126 61
21 126 465
30 126 158
30 156 22
82 156 5
36 156 16
38 156 26
10 156 17
114 156 42
177 156 7
28 156 18
39 156 8
60 156 5
14 156 14
179 156 8
12 156 18
52 156 29
2 156 9
96 156 23
9 156 63
23 156 36
6 156 54
88 156 12
24 156 71
45 156 24
4 39 16
185 39 17
97 39 9
10 39 50
23 39 10
71 39 20
18 39 35
114 39 20
32 39 40
145 39 10
29 39 40
36 39 20
27 39 184
82 39 10
69 39 10
18 173 41
87 173 21
9 114 19
179 114 44
23 114 8
2 114 13
2 27 17
3 27 54
182 27 14
30 27 105
1 27 23
109 27 11
102 27 17
23 27 13
20 27 15
34 165 26
141 165 5
82 165 5
6 165 12
47 165 5
39 165 7
57 165 44
18 165 31
5 165 19
11 165 16
15 165 25
35 165 7
2 165 9
26 165 26
29 165 33
89 165 5
55 165 8
21 165 39
65 165 39
14 165 10
9 165 16
117 165 8
3 137 67
20 137 24
95 137 9
5 137 34
1 137 17
26 137 28
111 137 11
6 137 31
94 137 5
44 137 26
180 137 8
151 87 3777
32 87 120
54 87 15
31 87 17
45 87 96
10 87 25
24 87 147
18 87 39
1 91 24
4 91 20
109 91 14
15 91 69
55 91 23
36 91 24
76 91 30
35 91 16
42 91 17
39 91 27
18 91 40
22 91 16
5 91 78
9 91 25
30 91 156
5 42 38
35 42 13
76 42 9
1 42 21
15 42 31
9 42 22
33 42 67
87 42 16
51 42 86
29 42 22
18 42 37
36 42 21
180 42 12
23 191 19
70 191 46
21 191 51
166 23 10
90 23 7
116 23 31
69 23 6
127 23 6
63 23 39
179 23 10
200 23 15
161 116 15
27 116 194
115 116 14
105 116 70
82 116 15
45 116 66
56 116 21
113 116 14
16 116 36
145 116 16
36 116 26
89 116 15
62 116 40
73 116 17
96 116 32
71 116 54
169 116 18
4 116 21
185 116 20
55 116 23
15 116 121
149 116 90
114 116 49
97 116 14
17 116 126
2 116 20
65 116 84
179 116 70
112 116 47
174 116 79
38 116 67
66 116 28
67 116 75
10 116 27
44 116 45
177 116 17
11 116 27
29 116 30
35 116 17
69 116 54
32 116 53
48 116 49
106 116 113
28 116 75
12 116 53
6 116 104
87 117 16
5 117 24
15 117 30
177 117 12
18 117 36
11 117 22
35 117 13
69 117 9
6 117 90
18 200 41
116 200 23
9 200 58
185 200 20
39 200 17
2 200 53
179 200 18
16 200 19
50 200 25
89 94 6
26 94 27
91 94 30
195 94 57
51 94 6244
55 94 9
39 94 36
18 94 33
44 94 6
20 94 12
78 94 14
3 94 65
21 94 42
27 94 131
146 94 7
1 94 17
112 94 60
41 94 30
35 94 8
33 94 37
75 94 11
11 94 17
15 94 26
6 94 33
34 94 27
180 94 7
29 94 66
36 141 18
11 141 115
15 141 28
41 141 13
10 141 187
73 141 9
13 141 35
24 141 170
9 141 18
47 141 7
6 141 14
16 141 178
5 141 22
35 141 9
128 135 18
86 135 36
45 135 55
185 135 16
34 135 33
39 135 14
5 135 26
18 135 37
55 135 15
6 135 87
17 135 65
71 135 47
12 135 24
156 135 558
36 135 21
13 135 40
73 135 13
88 135 35
38 135 32
115 135 10
2 135 16
191 135 23
28 135 25
30 135 25
82 135 11
10 135 23
92 135 13
15 135 100
7 135 17
69 135 10
23 135 11
177 135 13
32 135 32
26 135 33
16 135 13
96 179 28
14 179 77
6 179 55
10 179 23
15 179 31
43 179 12
73 179 13
12 179 23
24 109 25
55 109 9
36 109 16
93 109 19
82 109 54
146 109 7
30 109 151
65 109 5
117 109 9
17 109 59
10 109 17
16 109 212
32 109 12
46 109 63
184 109 4
39 109 40
35 109 8
49 109 25
25 109 124
85 109 4
115 109 5
34 109 27
36 182 16
30 182 141
15 182 68
24 182 210
53 182 6
183 182 4
39 182 54
75 182 10
47 182 5
57 182 12
35 182 7
2 182 10
93 182 32
149 182 63
31 182 9
9 182 16
38 182 502
65 183 11
34 183 28
1 183 17
55 183 9
27 183 116
93 183 14
85 183 5
149 121 63
6 121 95
21 121 149
109 121 111
22 121 105
97 121 61
164 121 61
18 121 88
74 121 69
13 121 139
167 121 228
9 121 72
5 121 76
20 113 126
3 113 47
117 113 8
13 113 34
33 113 8
98 113 24
102 113 10
25 113 44
47 113 6
183 113 5
35 196 10
97 196 7
5 196 37
13 196 37
50 196 14
89 196 8
95 196 16
6 196 15
9 196 19
22 196 10
65 196 48
91 196 24
55 196 12
102 196 16
106 196 5
39 196 21
3 196 50
15 196 28
1 196 20
82 196 8
6 130 35
89 130 7
149 130 8
20 130 31
195 130 9
15 130 48
39 130 9
164 130 6
65 130 6
44 130 21
13 130 40
25 130 45
3 130 53
9 130 20
2 130 16
5 85 72
17 85 79
27 85 12
58 85 6
19 85 21
23 76 7
16 76 217
6 76 13
11 76 18
36 76 17
12 76 19
6 197 11
7 197 104
11 197 16
105 197 6
188 197 7
36 197 16
5 197 20
149 197 6
71 197 115
10 197 145
29 197 16
3 197 58
65 197 4
2 197 10
24 197 25
14 197 11
30 197 96
89 197 5
33 197 7
39 197 7
32 197 124
57 197 94
17 197 216
13 197 57
4 197 11
115 197 4
21 197 50
35 197 7
63 197 11
55 197 8
38 197 159
20 176 8
47 176 20
2 176 15
118 176 9
97 102 11
30 102 132
11 102 23
10 102 165
5 102 26
41 102 18
6 102 37
25 102 50
89 102 12
183 102 11
85 102 10
12 102 24
187 58 7
171 58 10
74 58 8
2 58 12
66 58 20
63 58 13
133 58 15
4 58 14
72 58 19
37 58 17
115 58 7
189 58 9
104 58 7
15 58 28
16 58 9
6 58 15
101 58 11
62 58 13
55 58 11
108 58 12
21 58 40
48 58 10
10 58 20
23 58 8
155 58 15
45 58 15
87 58 13
89 58 8
198 58 11
190 58 6
14 58 13
110 58 12
3 58 49
105 58 8
97 58 7
84 58 12
192 58 14
33 58 10
1 58 19
92 58 10
19 58 23
22 58 10
139 58 8
38 58 28
35 58 10
49 58 12
7 58 13
32 58 14
148 58 10
12 58 20
52 58 31
132 58 74
36 58 18
18 58 34
79 58 10
31 58 12
9 58 19
103 58 7
142 58 8
8 58 17
140 58 11
56 58 13
168 58 10
107 58 64
59 58 8
71 58 19
114 58 9
179 58 11
5 58 22
29 58 19
152 58 8
175 58 9
123 58 8
43 58 9
126 69 2247
185 69 10
12 69 18
139 69 2483
22 69 2501
152 69 2365
